0 1.000000000000 0.000000000000 11.342919755819
1 1.414213562373 0.346573590280 12.223912563659
2 1.732050807569 0.549306144334 12.486696114552
3 2.000000000000 0.693147180560 12.624174242513
4 2.236067977500 0.804718956217 12.951551331350
5 2.449489742783 0.895879734614 13.129797674410
6 2.828427124746 1.039720770840 13.197515375802
7 3.000000000000 1.098612288668 13.327323405965
8 3.162277660168 1.151292546497 13.403931296456
9 3.316624790355 1.198947636399 13.466316136449
10 3.464101615138 1.242453324894 13.484560446307
11 3.605551275464 1.282474678731 13.536936217254
12 3.741657386774 1.319528664808 13.619687869679
13 4.000000000000 1.386294361120 13.629117122312
14 4.123105625618 1.416606672028 13.698410289170
15 4.242640687119 1.445185878948 13.740055062925
16 4.358898943541 1.472219489583 13.764794991397
17 4.472135955000 1.497866136777 13.788731169571
18 4.582575694956 1.522261218862 13.830921201664
19 4.690415759823 1.545521226679 13.849778642459
20 4.898979485566 1.589026915174 13.869824485642
21 5.000000000000 1.609437912434 13.892751189641
22 5.099019513593 1.629048269011 13.940473975092
23 5.196152422707 1.647918433002 13.958615601596
24 5.385164807135 1.683647914993 13.997867947450
25 5.477225575052 1.700598690831 14.020339414462
26 5.656854249492 1.732867951400 14.026170107390
27 5.744562646538 1.748253780733 14.049150825489
28 5.830951894845 1.763180262308 14.070193860765
29 5.916079783100 1.777674030745 14.089644517801
30 6.000000000000 1.791759469228 14.100785736169
31 6.082762530298 1.805458956322 14.109514356134
32 6.164414002969 1.818793079863 14.134830822625
33 6.324555320337 1.844439727057 14.143007638095
34 6.403124237433 1.856786033352 14.173740791812
35 6.480740698408 1.868834809142 14.187393373773
36 6.557438524302 1.880600057847 14.193980554765
37 6.633249580711 1.892094816959 14.200721256738
38 6.708203932499 1.903331244885 14.219939129054
39 6.782329983125 1.914320698245 14.231906374284
40 6.928203230276 1.935600505454 14.234078119473
41 7.000000000000 1.945910149055 14.248502632069
42 7.071067811865 1.956011502714 14.268204612175
43 7.141428428543 1.965912816362 14.278677117626
44 7.211102550928 1.975621859291 14.283902263759
45 7.280109889281 1.985145956776 14.298959640624
46 7.348469228350 1.994492023282 14.316842054800
47 7.483314773548 2.012675845368 14.325978717848
48 7.549834435271 2.021525633917 14.334699511389
49 7.615773105864 2.030221505273 14.339001635181
50 7.681145747869 2.038768721953 14.351892226334
51 7.810249675907 2.055436932087 14.364414319316
52 7.874007874012 2.063567192523 14.379857991133
53 8.000000000000 2.079441541680 14.380790843725
54 8.062257748299 2.087193634948 14.396209385611
55 8.124038404636 2.094827371013 14.410074758949
56 8.185352771872 2.102346309695 14.413390007819
57 8.246211251235 2.109753852588 14.420027597497
58 8.306623862918 2.117053252299 14.432531808586
59 8.366600265341 2.124247621025 14.438708338281
60 8.485281374239 2.138333059508 14.443483815562
61 8.544003745318 2.145229720574 14.449907234452
62 8.602325267043 2.152032546602 14.464768022521
63 8.660254037844 2.158744056768 14.471282920657
64 8.717797887081 2.165366670143 14.474076645668
65 8.774964387392 2.171902710927 14.484942747906
66 8.831760866328 2.178354413345 14.490025226376
67 8.944271909999 2.191013317337 14.492844871539
68 9.000000000000 2.197224577336 14.504341436681
69 9.055385138137 2.203359623632 14.509402960777
70 9.110433579144 2.209420303898 14.516885299132
71 9.165151389912 2.215408399422 14.521864642171
72 9.219544457293 2.221325628245 14.526541368860
73 9.273618495496 2.227173648127 14.538022347154
74 9.380831519647 2.238668407239 14.540402983708
75 9.433981132057 2.244318184866 14.553899232653
76 9.486832980505 2.249904835165 14.563933965495
77 9.539392014169 2.255429753258 14.567768273513
78 9.643650760993 2.266299746577 14.571877578083
79 9.695359714833 2.271647391135 14.579889435304
80 9.797958971133 2.282174095734 14.581952344271
81 9.848857801796 2.287355489252 14.586124670195
82 9.899494936612 2.292483739335 14.595276163318
83 9.949874371066 2.297559925067 14.601010367265
84 10.000000000000 2.302585092994 14.603418221819
85 10.049875621121 2.307560258421 14.616031675888
86 10.099504938362 2.312486406642 14.619416159244
87 10.198039027186 2.322195449571 14.624676552189
88 10.246950765960 2.326980175079 14.631484035532
89 10.295630140987 2.331719547056 14.636484390012
90 10.344080432789 2.336414417231 14.641367481187
91 10.392304845413 2.341065613562 14.643451271814
92 10.440306508911 2.345673941115 14.648328372383
93 10.488088481702 2.350240182896 14.657396227404
94 10.630145812735 2.363693909356 14.663769527766
95 10.677078252031 2.368099224197 14.670003329930
96 10.723805294764 2.372466064182 14.672962971631
97 10.770329614269 2.376795095553 14.677412261238
98 10.816653826392 2.381086967399 14.684592694330
99 10.862780491200 2.385342312233 14.688667458415
100 10.954451150103 2.393745871391 14.691571203439
101 11.000000000000 2.397895272798 14.696158775290
102 11.045361017187 2.402010522367 14.702962212533
103 11.090536506409 2.406092177686 14.705608843059
104 11.180339887499 2.414156868651 14.713796573332
105 11.224972160322 2.418140953476 14.721229201734
106 11.313708498985 2.426015131960 14.721880238557
107 11.357816691601 2.429906202181 14.729553164698
108 11.401754250991 2.433767225228 14.731996070867
109 11.445523142260 2.437598661601 14.738037802304
110 11.489125293076 2.441400961293 14.740418851761
111 11.532562594671 2.445174564111 14.742849235913
112 11.575836902790 2.448919899975 14.750771413837
113 11.661903789691 2.456327442868 14.753035441035
114 11.704699910720 2.459990462914 14.757589886984
115 11.747340124471 2.463626842579 14.762053443889
116 11.789826122552 2.467236966565 14.765345537689
117 11.832159566199 2.470821211305 14.767493091393
118 11.874342087038 2.474379945189 14.771785557564
119 11.916375287813 2.477913528801 14.773887508890
120 12.000000000000 2.484906649788 14.775298614470
121 12.041594578792 2.488366871210 14.779932189121
122 12.083045973595 2.491803310854 14.788642386672
123 12.124355652982 2.495216293389 14.791005986391
124 12.165525060596 2.498606136882 14.792012838116
125 12.206555615734 2.501973152973 14.798965984561
126 12.247448713916 2.505317647048 14.803705120370
127 12.328828005938 2.511940260423 14.806612614582
128 12.369316876853 2.515218960696 14.812258065620
129 12.409673645991 2.518476301207 14.815899026297
130 12.449899597989 2.521712558460 14.819420881828
131 12.529964086142 2.528122902674 14.822206368370
132 12.569805089977 2.531297516513 14.825866695232
133 12.649110640674 2.537586907617 14.826819063260
134 12.688577540450 2.540702182492 14.834321054381
135 12.727922061358 2.543798167616 14.838124062379
136 12.767145334804 2.546875100403 14.839032135338
137 12.806248474866 2.549933213912 14.842564544383
138 12.845232578665 2.552972736950 14.845991032900
139 12.884098726725 2.555993894178 14.850023340225
140 12.961481396816 2.561981989702 14.851710774111
141 13.000000000000 2.564949357462 14.854710364877
142 13.038404810405 2.567899218525 14.859866218537
143 13.076696830622 2.570831778251 14.863924391286
144 13.114877048604 2.573747238407 14.864721795910
145 13.152946437966 2.576645797249 14.870273357204
146 13.190905958273 2.579527649607 14.874739746962
147 13.266499161422 2.585241997519 14.875538277763
148 13.304134695650 2.588074866287 14.877061134492
149 13.341664064126 2.590891775146 14.880258880457
150 13.379088160260 2.593692902920 14.884108213849
151 13.416407864999 2.596478425445 14.886428541801
152 13.453624047074 2.599248515633 14.890163431853
153 13.490737563232 2.602003343538 14.894547153585
154 13.564659966251 2.607467878804 14.896070207214
155 13.601470508735 2.610177912539 14.901843766346
156 13.638181696986 2.612873336857 14.905939453824
157 13.674794331177 2.615554308427 14.907285189713
158 13.747727084868 2.620873507530 14.912801974665
159 13.784048752090 2.623512036080 14.914116179943
160 13.856406460551 2.628747686014 14.914325826031
161 13.892443989450 2.631345094452 14.915786129277
162 13.928388277184 2.633929079532 14.922809673330
163 13.964240043769 2.636499779282 14.925477801101
164 14.000000000000 2.639057329615 14.926966347965
165 14.035668847618 2.641601864369 14.930325537875
166 14.071247279470 2.644133515347 14.933577374133
167 14.142135623731 2.649158683274 14.935855309943
168 14.177446878758 2.651652454030 14.939794167124
169 14.212670403552 2.654133848701 14.941747741245
170 14.247806848775 2.656602989521 14.944354884983
171 14.282856857086 2.659059996922 14.945611823722
172 14.317821063276 2.661504989569 14.948136436476
173 14.352700094407 2.663938084395 14.954212092758
174 14.422205101856 2.668769039851 14.954826114105
175 14.456832294801 2.671167125982 14.960769445164
176 14.491376746189 2.673553765359 14.963023798315
177 14.525839046334 2.675929066738 14.964694914332
178 14.560219778561 2.678293137336 14.966407532762
179 14.594519519326 2.680646082855 14.968673845600
180 14.628738838328 2.682988007511 14.970386916221
181 14.696938456699 2.687639203842 14.972767155983
182 14.730919862656 2.689948676770 14.975072121626
183 14.764823060233 2.692247531395 14.977921719297
184 14.798648586949 2.694535864908 14.980169604808
185 14.866068747319 2.699081350759 14.984738800209
186 14.899664425751 2.701338690936 14.988055231943
187 14.966629547096 2.705823025928 14.989176514332
188 15.000000000000 2.708050201102 14.992682917281
189 15.033296378373 2.710267499636 14.994904358246
190 15.066519173319 2.712475008741 14.997656990604
191 15.099668870542 2.714672814477 14.998709981966
192 15.132745950422 2.716861001777 15.001392606905
193 15.165750888103 2.719039654462 15.006485049055
194 15.231546211728 2.723368685833 15.007024674138
195 15.264337522474 2.725519226783 15.010184562145
196 15.297058540778 2.727660557679 15.014605082810
197 15.329709716756 2.729792757072 15.015596719068
198 15.362291495737 2.731915902513 15.017069250666
199 15.394804318341 2.734030070568 15.020003926773
200 15.427248620542 2.736135336836 15.021895351105
201 15.524174696260 2.742398466745 15.024972270633
202 15.556349186104 2.744468863078 15.027726196597
203 15.588457268120 2.746530721670 15.029816590126
204 15.620499351813 2.748584112647 15.031297993858
205 15.652475842499 2.750629105272 15.034630759030
206 15.684387141358 2.752665767966 15.037405693525
207 15.748015748024 2.756714373082 15.039298636565
208 15.779733838059 2.758726448232 15.042032508565
209 15.811388300842 2.760730458931 15.044800462774
210 15.842979517755 2.762726469566 15.047850095076
211 15.905973720587 2.766694744364 15.048749597466
212 15.937377450509 2.768667133509 15.052332280141
213 16.000000000000 2.772588722240 15.052480905473
214 16.031219541881 2.774538042448 15.056207307264
215 16.062378404209 2.776479792461 15.058026634494
216 16.093476939431 2.778414030850 15.059874928189
217 16.124515496597 2.780340815508 15.061703131468
218 16.155494421404 2.782260203661 15.065626597861
219 16.186414056239 2.784172251881 15.066869112160
220 16.248076809272 2.787974551573 15.068596331495
221 16.278820596100 2.789864912993 15.070381873761
222 16.309506430300 2.791748154391 15.074632408703
223 16.340134638368 2.793624329200 15.075442624101
224 16.370705543745 2.795493490255 15.075860671147
225 16.401219466857 2.797355689801 15.080421723121
226 16.431676725155 2.799210979499 15.083507469890
227 16.492422502471 2.802901033148 15.084303781191
228 16.522711641858 2.804735897592 15.085983770169
229 16.552945357247 2.806564053194 15.088353706271
230 16.583123951777 2.808385548833 15.090354229239
231 16.613247725836 2.810200432859 15.091931736644
232 16.643316977093 2.812008753094 15.093106338281
233 16.673332000533 2.813810556845 15.095824489097
234 16.733200530682 2.817394801585 15.096629664042
235 16.763054614240 2.819177334667 15.100507526639
236 16.792855623747 2.820953535469 15.102060547767
237 16.822603841261 2.822723448822 15.103157100555
238 16.881943016134 2.826244590134 15.106209348560
239 16.911534525288 2.827995905410 15.108402069169
240 16.970562748477 2.831480240068 15.109016157831
241 17.000000000000 2.833213344056 15.110679545750
242 17.029386365926 2.834940461490 15.114672807534
243 17.058722109232 2.836661633586 15.116227422687
244 17.088007490635 2.838376901134 15.116993484083
245 17.117242768624 2.840086304509 15.120360291680
246 17.146428199482 2.841789883669 15.122865602451
247 17.204650534085 2.845179727162 15.124713539454
248 17.233687939614 2.846866069401 15.127571015925
249 17.262676501632 2.848546743253 15.128621404104
250 17.291616465791 2.850221786695 15.131362873051
251 17.320508075689 2.851891237328 15.132146379661
252 17.349351572897 2.853555132374 15.133544547111
253 17.378147196983 2.855213508687 15.135508854371
254 17.435595774163 2.858513850703 15.135862479581
255 17.464249196573 2.860155888304 15.138737315617
256 17.492855684536 2.861792550976 15.142130814133
257 17.521415467935 2.863423873794 15.143152242330
258 17.549928774784 2.865049891487 15.144448014958
259 17.578395831247 2.866670638449 15.146420900661
260 17.606816861659 2.868286148740 15.147731975575
261 17.663521732656 2.871501593905 15.148438951878
262 17.691806012954 2.873101595270 15.149821913216
263 17.720045146669 2.874696492954 15.154148424568
264 17.748239349299 2.876286319413 15.156076114169
265 17.804493814765 2.879450886939 15.157698892194
266 17.832554500127 2.881025691390 15.159638792456
267 17.888543819998 2.884160497897 15.159978774741
268 17.916472867169 2.885720561565 15.163256379971
269 17.944358444926 2.887275772772 15.164512106336
270 17.972200755611 2.888826161611 15.165800468210
271 18.000000000000 2.890371757896 15.167184229581
272 18.027756377320 2.891912591165 15.169471275529
273 18.055470085268 2.893448690683 15.172887563572
274 18.110770276275 2.896506804192 15.173573125976
275 18.138357147217 2.898028875383 15.177264501162
276 18.165902124585 2.899546327230 15.178450822781
277 18.193405398660 2.901059187689 15.179299562704
278 18.220867158289 2.902567484458 15.180196377105
279 18.248287590895 2.904071244990 15.181671086946
280 18.275666882497 2.905570496488 15.183532235827
281 18.330302779823 2.908555579982 15.184154563988
282 18.357559750686 2.910041465176 15.185411782862
283 18.384776310850 2.911522947742 15.187773436649
284 18.411952639522 2.913000053690 15.189619983360
285 18.439088914586 2.914472808805 15.190249410622
286 18.466185312619 2.915941238642 15.194392766829
287 18.493242008907 2.917405368531 15.196845390931
288 18.547236990991 2.920320828687 15.198239319884
289 18.574175621007 2.921772208516 15.199332615459
290 18.601075237738 2.923219387529 15.200664018505
291 18.627936010197 2.924662389973 15.202085879611
292 18.681541692269 2.927535961101 15.204118740134
293 18.708286933870 2.928966577242 15.206874546778
294 18.761663039294 2.931815587799 15.207132949886
295 18.788294228056 2.933234028467 15.209405461643
296 18.814887722227 2.934648456567 15.211565380428
297 18.841443681417 2.936058894738 15.212631351197
298 18.867962264113 2.937465365426 15.214244229065
299 18.894443627691 2.938867890890 15.215347058988
300 18.920887928425 2.940266493200 15.216180345733
301 18.973665961010 2.943052015725 15.217576392973
302 19.000000000000 2.944438979166 15.219085004701
303 19.026297590440 2.945822105913 15.221584016692
304 19.052558883258 2.947201417132 15.222797279544
305 19.078784028339 2.948576933818 15.223362622979
306 19.104973174543 2.949948676791 15.226045234282
307 19.131126469709 2.951316666701 15.227689503920
308 19.209372712299 2.955398322020 15.230906335187
309 19.235384061671 2.956751502819 15.232499241427
310 19.261360284258 2.958101031304 15.234540708189
311 19.287301521986 2.959446927137 15.235055925868
312 19.313207915828 2.960789209822 15.236352711901
313 19.339079605814 2.962127898707 15.239879061715
314 19.390719429665 2.964794571695 15.240868408340
315 19.416487838948 2.966122593724 15.242802898118
316 19.442222095224 2.967447097810 15.244783466572
317 19.467922333932 2.968768102541 15.245498785829
318 19.519221295943 2.971399687563 15.247929390593
319 19.544820285692 2.972710304303 15.248894829117
320 19.595917942265 2.975321276294 15.249134254858
321 19.621416870349 2.976621667144 15.250171898485
322 19.646882704388 2.977918684732 15.252668171017
323 19.672315572906 2.979212346515 15.253897718782
324 19.697715603592 2.980502669812 15.254377207710
325 19.723082923316 2.981789671809 15.257026263572
326 19.748417658131 2.983073369562 15.258871925969
327 19.798989873223 2.985630919895 15.259960377377
328 19.824227601599 2.986904805935 15.261435870903
329 19.849433241279 2.988175454649 15.262574942094
330 19.874606914352 2.989442882451 15.264463001429
331 19.899748742132 2.990707105627 15.265117923958
332 19.924858845171 2.991968140344 15.265857306453
333 19.949937343260 2.993226002642 15.268171845794
334 20.000000000000 2.995732273554 15.268501422602
