0 1.000000000000 0.000000000000 11.381973599645
1 1.414213562373 0.346573590280 12.363375494904
2 1.732050807569 0.549306144334 12.694198569535
3 2.000000000000 0.693147180560 12.874071234557
4 2.236067977500 0.804718956217 13.327315259133
5 2.449489742783 0.895879734614 13.584892894934
6 2.828427124746 1.039720770840 13.674351289784
7 3.000000000000 1.098612288668 13.841345931988
8 3.162277660168 1.151292546497 13.938550861052
9 3.316624790355 1.198947636399 14.014860472488
10 3.464101615138 1.242453324894 14.036715431256
11 3.605551275464 1.282474678731 14.095920250649
12 3.741657386774 1.319528664808 14.188380846457
13 4.000000000000 1.386294361120 14.198365982678
14 4.123105625618 1.416606672028 14.268200796692
15 4.242640687119 1.445185878948 14.311367101999
16 4.358898943541 1.472219489583 14.336763230619
17 4.472135955000 1.497866136777 14.360211093051
18 4.582575694956 1.522261218862 14.401712078299
19 4.690415759823 1.545521226679 14.420279427706
20 4.898979485566 1.589026915174 14.438439652483
21 5.000000000000 1.609437912434 14.459542596555
22 5.099019513593 1.629048269011 14.503558258248
23 5.196152422707 1.647918433002 14.520667333775
24 5.385164807135 1.683647914993 14.556319170677
25 5.477225575052 1.700598690831 14.577068907522
26 5.656854249492 1.732867951400 14.582187900921
27 5.744562646538 1.748253780733 14.602015103736
28 5.830951894845 1.763180262308 14.620327459224
29 5.916079783100 1.777674030745 14.637326201248
30 6.000000000000 1.791759469228 14.647386103464
31 6.082762530298 1.805458956322 14.654958257739
32 6.164414002969 1.818793079863 14.676915867266
33 6.324555320337 1.844439727057 14.684100691876
34 6.403124237433 1.856786033352 14.710292015048
35 6.480740698408 1.868834809142 14.722039397230
36 6.557438524302 1.880600057847 14.727787645935
37 6.633249580711 1.892094816959 14.733459114887
38 6.708203932499 1.903331244885 14.749925646881
39 6.782329983125 1.914320698245 14.760127099247
40 6.928203230276 1.935600505454 14.761872582094
41 7.000000000000 1.945910149055 14.773572977258
42 7.071067811865 1.956011502714 14.790319600821
43 7.141428428543 1.965912816362 14.799159332387
44 7.211102550928 1.975621859291 14.803507809383
45 7.280109889281 1.985145956776 14.816196480929
46 7.348469228350 1.994492023282 14.831648072771
47 7.483314773548 2.012675845368 14.839169029673
48 7.549834435271 2.021525633917 14.846516513457
49 7.615773105864 2.030221505273 14.850161225723
50 7.681145747869 2.038768721953 14.860731211917
51 7.810249675907 2.055436932087 14.871042400952
52 7.874007874012 2.063567192523 14.883885951204
53 8.000000000000 2.079441541680 14.884669662146
54 8.062257748299 2.087193634948 14.897306575732
55 8.124038404636 2.094827371013 14.908874766184
56 8.185352771872 2.102346309695 14.911637093039
57 8.246211251235 2.109753852588 14.917223700678
58 8.306623862918 2.117053252299 14.927855454593
59 8.366600265341 2.124247621025 14.932946236462
60 8.485281374239 2.138333059508 14.936876996251
61 8.544003745318 2.145229720574 14.942047952659
62 8.602325267043 2.152032546602 14.954223941367
63 8.660254037844 2.158744056768 14.959649596415
64 8.717797887081 2.165366670143 14.961965895763
65 8.774964387392 2.171902710927 14.970918027845
66 8.831760866328 2.178354413345 14.975185646944
67 8.944271909999 2.191013317337 14.977474100747
68 9.000000000000 2.197224577336 14.986719749124
69 9.055385138137 2.203359623632 14.990864110533
70 9.110433579144 2.209420303898 14.996976369492
71 9.165151389912 2.215408399422 15.000965764989
72 9.219544457293 2.221325628245 15.004922566559
73 9.273618495496 2.227173648127 15.014465493819
74 9.380831519647 2.238668407239 15.016404427231
75 9.433981132057 2.244318184866 15.027362539884
76 9.486832980505 2.249904835165 15.035778669654
77 9.539392014169 2.255429753258 15.039030368683
78 9.643650760993 2.266299746577 15.042369759289
79 9.695359714833 2.271647391135 15.048915942974
80 9.797958971133 2.282174095734 15.050580204443
81 9.848857801796 2.287355489252 15.053948555090
82 9.899494936612 2.292483739335 15.061257543337
83 9.949874371066 2.297559925067 15.065919042551
84 10.000000000000 2.302585092994 15.067856582408
85 10.049875621121 2.307560258421 15.078203206463
86 10.099504938362 2.312486406642 15.081045050805
87 10.198039027186 2.322195449571 15.085408172085
88 10.246950765960 2.326980175079 15.091059653872
89 10.295630140987 2.331719547056 15.095074854912
90 10.344080432789 2.336414417231 15.099069842831
91 10.392304845413 2.341065613562 15.100813456311
92 10.440306508911 2.345673941115 15.104786455994
93 10.488088481702 2.350240182896 15.112339077815
94 10.630145812735 2.363693909356 15.117473402604
95 10.677078252031 2.368099224197 15.122462965825
96 10.723805294764 2.372466064182 15.124855297883
97 10.770329614269 2.376795095553 15.128455697468
98 10.816653826392 2.381086967399 15.134347742813
99 10.862780491200 2.385342312233 15.137767339121
100 10.954451150103 2.393745871391 15.140136408856
101 11.000000000000 2.397895272798 15.143844713307
102 11.045361017187 2.402010522367 15.149353059082
103 11.090536506409 2.406092177686 15.151575269352
104 11.180339887499 2.414156868651 15.158149748241
105 11.224972160322 2.418140953476 15.164367295282
106 11.313708498985 2.426015131960 15.164884418413
107 11.357816691601 2.429906202181 15.171036643224
108 11.401754250991 2.433767225228 15.173080031539
109 11.445523142260 2.437598661601 15.178036935143
110 11.489125293076 2.441400961293 15.179970268627
111 11.532562594671 2.445174564111 15.181899361491
112 11.575836902790 2.448919899975 15.188434684521
113 11.661903789691 2.456327442868 15.190299990470
114 11.704699910720 2.459990462914 15.194020196608
115 11.747340124471 2.463626842579 15.197677663671
116 11.789826122552 2.467236966565 15.200329080570
117 11.832159566199 2.470821211305 15.202103874393
118 11.874342087038 2.474379945189 15.205628599492
119 11.916375287813 2.477913528801 15.207333607681
120 12.000000000000 2.484906649788 15.208459974993
121 12.041594578792 2.488366871210 15.212095786008
122 12.083045973595 2.491803310854 15.219039300277
123 12.124355652982 2.495216293389 15.220983577242
124 12.165525060596 2.498606136882 15.221836931834
125 12.206555615734 2.501973152973 15.227659051971
126 12.247448713916 2.505317647048 15.231572680075
127 12.328828005938 2.511940260423 15.233920401688
128 12.369316876853 2.515218960696 15.238556721600
129 12.409673645991 2.518476301207 15.241540403566
130 12.449899597989 2.521712558460 15.244435197673
131 12.529964086142 2.528122902674 15.246711360881
132 12.569805089977 2.531297516513 15.249671323385
133 12.649110640674 2.537586907617 15.250449596480
134 12.688577540450 2.540702182492 15.256454312964
135 12.727922061358 2.543798167616 15.259582196944
136 12.767145334804 2.546875100403 15.260287247829
137 12.806248474866 2.549933213912 15.263182668993
138 12.845232578665 2.552972736950 15.265968916972
139 12.884098726725 2.555993894178 15.269354916796
140 12.961481396816 2.561981989702 15.270737055393
141 13.000000000000 2.564949357462 15.273086436289
142 13.038404810405 2.567899218525 15.277174648459
143 13.076696830622 2.570831778251 15.280465672298
144 13.114877048604 2.573747238407 15.281104196636
145 13.152946437966 2.576645797249 15.285602031690
146 13.190905958273 2.579527649607 15.289341782981
147 13.266499161422 2.585241997519 15.289973979866
148 13.304134695650 2.588074866287 15.291241062284
149 13.341664064126 2.590891775146 15.293799380693
150 13.379088160260 2.593692902920 15.296934400745
151 13.416407864999 2.596478425445 15.298801403550
152 13.453624047074 2.599248515633 15.301843448060
153 13.490737563232 2.602003343538 15.305369798552
154 13.564659966251 2.607467878804 15.306574985461
155 13.601470508735 2.610177912539 15.311296116716
156 13.638181696986 2.612873336857 15.314699581645
157 13.674794331177 2.615554308427 15.315803915397
158 13.747727084868 2.620873507530 15.320276828524
159 13.784048752090 2.623512036080 15.321363932314
160 13.856406460551 2.628747686014 15.321544262145
161 13.892443989450 2.631345094452 15.322709743550
162 13.928388277184 2.633929079532 15.328391313441
163 13.964240043769 2.636499779282 15.330556249141
164 14.000000000000 2.639057329615 15.331742235748
165 14.035668847618 2.641601864369 15.334413730011
166 14.071247279470 2.644133515347 15.337045350470
167 14.142135623731 2.649158683274 15.338898957941
168 14.177446878758 2.651652454030 15.342040444953
169 14.212670403552 2.654133848701 15.343612593609
170 14.247806848775 2.656602989521 15.345702861624
171 14.282856857086 2.659059996922 15.346721812707
172 14.317821063276 2.661504989569 15.348762864535
173 14.352700094407 2.663938084395 15.353678866264
174 14.422205101856 2.668769039851 15.354182384839
175 14.456832294801 2.671167125982 15.358996898041
176 14.491376746189 2.673553765359 15.360846334031
177 14.525839046334 2.675929066738 15.362224834693
178 14.560219778561 2.678293137336 15.363644392804
179 14.594519519326 2.680646082855 15.365529833590
180 14.628738838328 2.682988007511 15.366914826598
181 14.696938456699 2.687639203842 15.368832830328
182 14.730919862656 2.689948676770 15.370717180114
183 14.764823060233 2.692247531395 15.373019816318
184 14.798648586949 2.694535864908 15.374837844803
185 14.866068747319 2.699081350759 15.378514089192
186 14.899664425751 2.701338690936 15.381217039236
187 14.966629547096 2.705823025928 15.382112574339
188 15.000000000000 2.708050201102 15.384932609199
189 15.033296378373 2.710267499636 15.386666788217
190 15.066519173319 2.712475008741 15.388821271392
191 15.099668870542 2.714672814477 15.389701116986
192 15.132745950422 2.716861001777 15.391858382500
193 15.165750888103 2.719039654462 15.396022519864
194 15.231546211728 2.723368685833 15.396445492578
195 15.264337522474 2.725519226783 15.398953920656
196 15.297058540778 2.727660557679 15.402577904769
197 15.329709716756 2.729792757072 15.403376049942
198 15.362291495737 2.731915902513 15.404573503347
199 15.394804318341 2.734030070568 15.406971040416
200 15.427248620542 2.736135336836 15.408527582570
201 15.524174696260 2.742398466745 15.410969214315
202 15.556349186104 2.744468863078 15.413185962544
203 15.588457268120 2.746530721670 15.414905609264
204 15.620499351813 2.748584112647 15.416085106582
205 15.652475842499 2.750629105272 15.418816508288
206 15.684387141358 2.752665767966 15.421060522113
207 15.748015748024 2.756714373082 15.422578063202
208 15.779733838059 2.758726448232 15.424843064843
209 15.811388300842 2.760730458931 15.427092769744
210 15.842979517755 2.762726469566 15.429634274849
211 15.905973720587 2.766694744364 15.430345281381
212 15.937377450509 2.768667133509 15.433277685974
213 16.000000000000 2.772588722240 15.433366737151
214 16.031219541881 2.774538042448 15.436304940887
215 16.062378404209 2.776479792461 15.437735170989
216 16.093476939431 2.778414030850 15.439206933651
217 16.124515496597 2.780340815508 15.440640897677
218 16.155494421404 2.782260203661 15.443793776864
219 16.186414056239 2.784172251881 15.444834035432
220 16.248076809272 2.787974551573 15.446243317114
221 16.278820596100 2.789864912993 15.447650420006
222 16.309506430300 2.791748154391 15.451076540032
223 16.340134638368 2.793624329200 15.451744819801
224 16.370705543745 2.795493490255 15.452085896872
225 16.401219466857 2.797355689801 15.455763958408
226 16.431676725155 2.799210979499 15.458338371203
227 16.492422502471 2.802901033148 15.458992345279
228 16.522711641858 2.804735897592 15.460318509984
229 16.552945357247 2.806564053194 15.462246374600
230 16.583123951777 2.808385548833 15.463857788920
231 16.613247725836 2.810200432859 15.465138329163
232 16.643316977093 2.812008753094 15.466099626739
233 16.673332000533 2.813810556845 15.468307148814
234 16.733200530682 2.817394801585 15.468954446665
235 16.763054614240 2.819177334667 15.472131248176
236 16.792855623747 2.820953535469 15.473383523904
237 16.822603841261 2.822723448822 15.474303998529
238 16.881943016134 2.826244590134 15.476820357369
239 16.911534525288 2.827995905410 15.478640505506
240 16.970562748477 2.831480240068 15.479126759185
241 17.000000000000 2.833213344056 15.480442399752
242 17.029386365926 2.834940461490 15.483544494825
243 17.058722109232 2.836661633586 15.484738108419
244 17.088007490635 2.838376901134 15.485352267835
245 17.117242768624 2.840086304509 15.488065606847
246 17.146428199482 2.841789883669 15.490055454930
247 17.204650534085 2.845179727162 15.491545995332
248 17.233687939614 2.846866069401 15.493850457755
249 17.262676501632 2.848546743253 15.494690181435
250 17.291616465791 2.850221786695 15.496916511675
251 17.320508075689 2.851891237328 15.497564344213
252 17.349351572897 2.853555132374 15.498701593886
253 17.378147196983 2.855213508687 15.500349220840
254 17.435595774163 2.858513850703 15.500630175014
255 17.464249196573 2.860155888304 15.502911786867
256 17.492855684536 2.861792550976 15.505677219615
257 17.521415467935 2.863423873794 15.506503019279
258 17.549928774784 2.865049891487 15.507588540465
259 17.578395831247 2.866670638449 15.509206527145
260 17.606816861659 2.868286148740 15.510290771923
261 17.663521732656 2.871501593905 15.510842089596
262 17.691806012954 2.873101595270 15.511934463733
263 17.720045146669 2.874696492954 15.515444170079
264 17.748239349299 2.876286319413 15.517019227115
265 17.804493814765 2.879450886939 15.518337715479
266 17.832554500127 2.881025691390 15.519925685685
267 17.888543819998 2.884160497897 15.520193375345
268 17.916472867169 2.885720561565 15.522840224162
269 17.944358444926 2.887275772772 15.523849287053
270 17.972200755611 2.888826161611 15.524923389732
271 18.000000000000 2.890371757896 15.526017129200
272 18.027756377320 2.891912591165 15.527810788157
273 18.055470085268 2.893448690683 15.530541599000
274 18.110770276275 2.896506804192 15.531057945516
275 18.138357147217 2.898028875383 15.534024734106
276 18.165902124585 2.899546327230 15.535019354830
277 18.193405398660 2.901059187689 15.535731239037
278 18.220867158289 2.902567484458 15.536441543428
279 18.248287590895 2.904071244990 15.537633734469
280 18.275666882497 2.905570496488 15.539098425514
281 18.330302779823 2.908555579982 15.539603597022
282 18.357559750686 2.910041465176 15.540583779117
283 18.384776310850 2.911522947742 15.542457690793
284 18.411952639522 2.913000053690 15.543925459675
285 18.439088914586 2.914472808805 15.544406724315
286 18.466185312619 2.915941238642 15.547752656730
287 18.493242008907 2.917405368531 15.549778793268
288 18.547236990991 2.920320828687 15.550920462616
289 18.574175621007 2.921772208516 15.551840823289
290 18.601075237738 2.923219387529 15.552969936217
291 18.627936010197 2.924662389973 15.554113770497
292 18.681541692269 2.927535961101 15.555723542860
293 18.708286933870 2.928966577242 15.557983139676
294 18.761663039294 2.931815587799 15.558204775190
295 18.788294228056 2.933234028467 15.560042666210
296 18.814887722227 2.934648456567 15.561821199535
297 18.841443681417 2.936058894738 15.562688021292
298 18.867962264113 2.937465365426 15.564018695331
299 18.894443627691 2.938867890890 15.564904307018
300 18.920887928425 2.940266493200 15.565592110920
301 18.973665961010 2.943052015725 15.566718135080
302 19.000000000000 2.944438979166 15.567905477028
303 19.026297590440 2.945822105913 15.569860432973
304 19.052558883258 2.947201417132 15.570799834554
305 19.078784028339 2.948576933818 15.571264194103
306 19.104973174543 2.949948676791 15.573448127517
307 19.131126469709 2.951316666701 15.574686744150
308 19.209372712299 2.955398322020 15.577304340518
309 19.235384061671 2.956751502819 15.578561691535
310 19.261360284258 2.958101031304 15.580195463340
311 19.287301521986 2.959446927137 15.580608410719
312 19.313207915828 2.960789209822 15.581652858165
313 19.339079605814 2.962127898707 15.584501104790
314 19.390719429665 2.964794571695 15.585322431094
315 19.416487838948 2.966122593724 15.586922921695
316 19.442222095224 2.967447097810 15.588497928719
317 19.467922333932 2.968768102541 15.589078900731
318 19.519221295943 2.971399687563 15.591047991919
319 19.544820285692 2.972710304303 15.591839757195
320 19.595917942265 2.975321276294 15.592040985092
321 19.621416870349 2.976621667144 15.592872545741
322 19.646882704388 2.977918684732 15.594908774067
323 19.672315572906 2.979212346515 15.595905359970
324 19.697715603592 2.980502669812 15.596302267267
325 19.723082923316 2.981789671809 15.598483370674
326 19.748417658131 2.983073369562 15.600030719858
327 19.798989873223 2.985630919895 15.600902296158
328 19.824227601599 2.986904805935 15.602075391739
329 19.849433241279 2.988175454649 15.603012476673
330 19.874606914352 2.989442882451 15.604556014255
331 19.899748742132 2.990707105627 15.605115875339
332 19.924858845171 2.991968140344 15.605712481514
333 19.949937343260 2.993226002642 15.607623464726
334 20.000000000000 2.995732273554 15.607857687819
