0 1.000000000000 0.000000000000 11.375512262146
1 1.414213562373 0.346573590280 12.352568386646
2 1.732050807569 0.549306144334 12.680572402030
3 2.000000000000 0.693147180560 12.858780570816
4 2.236067977500 0.804718956217 13.310453265341
5 2.449489742783 0.895879734614 13.571374446665
6 2.828427124746 1.039720770840 13.664215463735
7 3.000000000000 1.098612288668 13.840315359383
8 3.162277660168 1.151292546497 13.944903273066
9 3.316624790355 1.198947636399 14.028532659785
10 3.464101615138 1.242453324894 14.052639062364
11 3.605551275464 1.282474678731 14.118395725475
12 3.741657386774 1.319528664808 14.222180273575
13 4.000000000000 1.386294361120 14.233780664357
14 4.123105625618 1.416606672028 14.314836310960
15 4.242640687119 1.445185878948 14.364925349347
16 4.358898943541 1.472219489583 14.394026605400
17 4.472135955000 1.497866136777 14.421589450824
18 4.582575694956 1.522261218862 14.470166878963
19 4.690415759823 1.545521226679 14.491564986198
20 4.898979485566 1.589026915174 14.512831018266
21 5.000000000000 1.609437912434 14.537850454347
22 5.099019513593 1.629048269011 14.590051993984
23 5.196152422707 1.647918433002 14.610485270539
24 5.385164807135 1.683647914993 14.652403041123
25 5.477225575052 1.700598690831 14.676977982807
26 5.656854249492 1.732867951400 14.683107141059
27 5.744562646538 1.748253780733 14.706673412534
28 5.830951894845 1.763180262308 14.728321642883
29 5.916079783100 1.777674030745 14.748365738713
30 6.000000000000 1.791759469228 14.760252683012
31 6.082762530298 1.805458956322 14.769404926998
32 6.164414002969 1.818793079863 14.795431273381
33 6.324555320337 1.844439727057 14.804025946810
34 6.403124237433 1.856786033352 14.835003878846
35 6.480740698408 1.868834809142 14.848936293345
36 6.557438524302 1.880600057847 14.855681256933
37 6.633249580711 1.892094816959 14.862418590619
38 6.708203932499 1.903331244885 14.881763553340
39 6.782329983125 1.914320698245 14.893779313073
40 6.928203230276 1.935600505454 14.895812904727
41 7.000000000000 1.945910149055 14.909659902496
42 7.071067811865 1.956011502714 14.929478673446
43 7.141428428543 1.965912816362 14.940006294612
44 7.211102550928 1.975621859291 14.945134961236
45 7.280109889281 1.985145956776 14.960146648264
46 7.348469228350 1.994492023282 14.978212517052
47 7.483314773548 2.012675845368 14.987069978605
48 7.549834435271 2.021525633917 14.995643231234
49 7.615773105864 2.030221505273 14.999871398817
50 7.681145747869 2.038768721953 15.012279879394
51 7.810249675907 2.055436932087 15.024518365361
52 7.874007874012 2.063567192523 15.039679735588
53 8.000000000000 2.079441541680 15.040597482145
54 8.062257748299 2.087193634948 15.055521709392
55 8.124038404636 2.094827371013 15.069015822318
56 8.185352771872 2.102346309695 15.072246196375
57 8.246211251235 2.109753852588 15.078763174373
58 8.306623862918 2.117053252299 15.091176385085
59 8.366600265341 2.124247621025 15.097160813410
60 8.485281374239 2.138333059508 15.101752788984
61 8.544003745318 2.145229720574 15.107836214100
62 8.602325267043 2.152032546602 15.122151947953
63 8.660254037844 2.158744056768 15.128509770346
64 8.717797887081 2.165366670143 15.131252618033
65 8.774964387392 2.171902710927 15.141641612720
66 8.831760866328 2.178354413345 15.146708084611
67 8.944271909999 2.191013317337 15.149375980096
68 9.000000000000 2.197224577336 15.160180780015
69 9.055385138137 2.203359623632 15.165017223741
70 9.110433579144 2.209420303898 15.172178612064
71 9.165151389912 2.215408399422 15.176892157263
72 9.219544457293 2.221325628245 15.181514197689
73 9.273618495496 2.227173648127 15.192653926175
74 9.380831519647 2.238668407239 15.194885787003
75 9.433981132057 2.244318184866 15.207722873398
76 9.486832980505 2.249904835165 15.217432913340
77 9.539392014169 2.255429753258 15.221175345152
78 9.643650760993 2.266299746577 15.225106320486
79 9.695359714833 2.271647391135 15.232735595410
80 9.797958971133 2.282174095734 15.234677399781
81 9.848857801796 2.287355489252 15.238562264098
82 9.899494936612 2.292483739335 15.247167071472
83 9.949874371066 2.297559925067 15.252607580631
84 10.000000000000 2.302585092994 15.254862630971
85 10.049875621121 2.307560258421 15.266800679422
86 10.099504938362 2.312486406642 15.270061519590
87 10.198039027186 2.322195449571 15.275136232574
88 10.246950765960 2.326980175079 15.281554891607
89 10.295630140987 2.331719547056 15.286175478850
90 10.344080432789 2.336414417231 15.290788994857
91 10.392304845413 2.341065613562 15.292795099294
92 10.440306508911 2.345673941115 15.297373929025
93 10.488088481702 2.350240182896 15.306031141675
94 10.630145812735 2.363693909356 15.311984902428
95 10.677078252031 2.368099224197 15.317747150388
96 10.723805294764 2.372466064182 15.320521518834
97 10.770329614269 2.376795095553 15.324665265578
98 10.816653826392 2.381086967399 15.331445157227
99 10.862780491200 2.385342312233 15.335405528063
100 10.954451150103 2.393745871391 15.338118749636
101 11.000000000000 2.397895272798 15.342380009026
102 11.045361017187 2.402010522367 15.348654726570
103 11.090536506409 2.406092177686 15.351111599955
104 11.180339887499 2.414156868651 15.358595824732
105 11.224972160322 2.418140953476 15.365617910922
106 11.313708498985 2.426015131960 15.366229993233
107 11.357816691601 2.429906202181 15.373294689991
108 11.401754250991 2.433767225228 15.375601071002
109 11.445523142260 2.437598661601 15.381253603128
110 11.489125293076 2.441400961293 15.383466883395
111 11.532562594671 2.445174564111 15.385683180252
112 11.575836902790 2.448919899975 15.393154145236
113 11.661903789691 2.456327442868 15.395255361138
114 11.704699910720 2.459990462914 15.399496909880
115 11.747340124471 2.463626842579 15.403625544033
116 11.789826122552 2.467236966565 15.406673495647
117 11.832159566199 2.470821211305 15.408705057577
118 11.874342087038 2.474379945189 15.412713730268
119 11.916375287813 2.477913528801 15.414658307809
120 12.000000000000 2.484906649788 15.415930732545
121 12.041594578792 2.488366871210 15.420069587984
122 12.083045973595 2.491803310854 15.427961327184
123 12.124355652982 2.495216293389 15.430150118340
124 12.165525060596 2.498606136882 15.431083413094
125 12.206555615734 2.501973152973 15.437623995425
126 12.247448713916 2.505317647048 15.442067500065
127 12.328828005938 2.511940260423 15.444727568006
128 12.369316876853 2.515218960696 15.449956935541
129 12.409673645991 2.518476301207 15.453307135287
130 12.449899597989 2.521712558460 15.456567479054
131 12.529964086142 2.528122902674 15.459100977249
132 12.569805089977 2.531297516513 15.462481028650
133 12.649110640674 2.537586907617 15.463348462237
134 12.688577540450 2.540702182492 15.470151255229
135 12.727922061358 2.543798167616 15.473700538604
136 12.767145334804 2.546875100403 15.474507291456
137 12.806248474866 2.549933213912 15.477766891189
138 12.845232578665 2.552972736950 15.480937422907
139 12.884098726725 2.555993894178 15.484719268988
140 12.961481396816 2.561981989702 15.486309573887
141 13.000000000000 2.564949357462 15.488939091466
142 13.038404810405 2.567899218525 15.493530430806
143 13.076696830622 2.570831778251 15.497227456691
144 13.114877048604 2.573747238407 15.497951689680
145 13.152946437966 2.576645797249 15.503052561707
146 13.190905958273 2.579527649607 15.507195884381
147 13.266499161422 2.585241997519 15.507906125482
148 13.304134695650 2.588074866287 15.509315169976
149 13.341664064126 2.590891775146 15.512170758478
150 13.379088160260 2.593692902920 15.515648220303
151 13.416407864999 2.596478425445 15.517762264095
152 13.453624047074 2.599248515633 15.521204384673
153 13.490737563232 2.602003343538 15.525162606131
154 13.564659966251 2.607467878804 15.526533287067
155 13.601470508735 2.610177912539 15.531855689294
156 13.638181696986 2.612873336857 15.535662311406
157 13.674794331177 2.615554308427 15.536872061880
158 13.747727084868 2.620873507530 15.541879053932
159 13.784048752090 2.623512036080 15.543111522728
160 13.856406460551 2.628747686014 15.543319422087
161 13.892443989450 2.631345094452 15.544630324380
162 13.928388277184 2.633929079532 15.551010209494
163 13.964240043769 2.636499779282 15.553448451675
164 14.000000000000 2.639057329615 15.554792874426
165 14.035668847618 2.641601864369 15.557774239129
166 14.071247279470 2.644133515347 15.560706058211
167 14.142135623731 2.649158683274 15.562746921168
168 14.177446878758 2.651652454030 15.566258778654
169 14.212670403552 2.654133848701 15.568033060574
170 14.247806848775 2.656602989521 15.570391808256
171 14.282856857086 2.659059996922 15.571549580951
172 14.317821063276 2.661504989569 15.573828369749
173 14.352700094407 2.663938084395 15.579308214085
174 14.422205101856 2.668769039851 15.579887525091
175 14.456832294801 2.671167125982 15.585283587112
176 14.491376746189 2.673553765359 15.587338541594
177 14.525839046334 2.675929066738 15.588876057272
178 14.560219778561 2.678293137336 15.590452400346
179 14.594519519326 2.680646082855 15.592504382971
180 14.628738838328 2.682988007511 15.594053235594
181 14.696938456699 2.687639203842 15.596165263571
182 14.730919862656 2.689948676770 15.598249800325
183 14.764823060233 2.692247531395 15.600840904602
184 14.798648586949 2.694535864908 15.602884424480
185 14.866068747319 2.699081350759 15.606979484989
186 14.899664425751 2.701338690936 15.610012762453
187 14.966629547096 2.705823025928 15.611010688852
188 15.000000000000 2.708050201102 15.614194001065
189 15.033296378373 2.710267499636 15.616157086702
190 15.066519173319 2.712475008741 15.618567634879
191 15.099668870542 2.714672814477 15.619528253860
192 15.132745950422 2.716861001777 15.621937925675
193 15.165750888103 2.719039654462 15.626567625022
194 15.231546211728 2.723368685833 15.627043569098
195 15.264337522474 2.725519226783 15.629860594635
196 15.297058540778 2.727660557679 15.633894106632
197 15.329709716756 2.729792757072 15.634755321979
198 15.362291495737 2.731915902513 15.636089073681
199 15.394804318341 2.734030070568 15.638741885107
200 15.427248620542 2.736135336836 15.640423493566
201 15.524174696260 2.742398466745 15.643144121016
202 15.556349186104 2.744468863078 15.645590976705
203 15.588457268120 2.746530721670 15.647480314658
204 15.620499351813 2.748584112647 15.648801689839
205 15.652475842499 2.750629105272 15.651837000517
206 15.684387141358 2.752665767966 15.654340936512
207 15.748015748024 2.756714373082 15.656065746902
208 15.779733838059 2.758726448232 15.658557546563
209 15.811388300842 2.760730458931 15.661036203153
210 15.842979517755 2.762726469566 15.663858436018
211 15.905973720587 2.766694744364 15.664664811243
212 15.937377450509 2.768667133509 15.667923668196
213 16.000000000000 2.772588722240 15.668024522928
214 16.031219541881 2.774538042448 15.671261992746
215 16.062378404209 2.776479792461 15.672852378350
216 16.093476939431 2.778414030850 15.674479665219
217 16.124515496597 2.780340815508 15.676091395084
218 16.155494421404 2.782260203661 15.679615649701
219 16.186414056239 2.784172251881 15.680761321144
220 16.248076809272 2.787974551573 15.682328797194
221 16.278820596100 2.789864912993 15.683897833800
222 16.309506430300 2.791748154391 15.687650216374
223 16.340134638368 2.793624329200 15.688374786074
224 16.370705543745 2.795493490255 15.688753849807
225 16.401219466857 2.797355689801 15.692830254551
226 16.431676725155 2.799210979499 15.695686194779
227 16.492422502471 2.802901033148 15.696392465989
228 16.522711641858 2.804735897592 15.697871562954
229 16.552945357247 2.806564053194 15.700015861265
230 16.583123951777 2.808385548833 15.701783526094
231 16.613247725836 2.810200432859 15.703187295408
232 16.643316977093 2.812008753094 15.704254259534
233 16.673332000533 2.813810556845 15.706727051485
234 16.733200530682 2.817394801585 15.707425419670
235 16.763054614240 2.819177334667 15.710939563951
236 16.792855623747 2.820953535469 15.712311642007
237 16.822603841261 2.822723448822 15.713324551970
238 16.881943016134 2.826244590134 15.716070170543
239 16.911534525288 2.827995905410 15.718070071752
240 16.970562748477 2.831480240068 15.718604314294
241 17.000000000000 2.833213344056 15.720063450224
242 17.029386365926 2.834940461490 15.723527455257
243 17.058722109232 2.836661633586 15.724885937773
244 17.088007490635 2.838376901134 15.725579887015
245 17.117242768624 2.840086304509 15.728588435677
246 17.146428199482 2.841789883669 15.730808615978
247 17.204650534085 2.845179727162 15.732463610859
248 17.233687939614 2.846866069401 15.735014101382
249 17.262676501632 2.848546743253 15.735942300059
250 17.291616465791 2.850221786695 15.738398869336
251 17.320508075689 2.851891237328 15.739125871035
252 17.349351572897 2.853555132374 15.740348525609
253 17.378147196983 2.855213508687 15.742119779565
254 17.435595774163 2.858513850703 15.742432422342
255 17.464249196573 2.860155888304 15.744967230765
256 17.492855684536 2.861792550976 15.747992377793
257 17.521415467935 2.863423873794 15.748914399582
258 17.549928774784 2.865049891487 15.750083829641
259 17.578395831247 2.866670638449 15.751846880994
260 17.606816861659 2.868286148740 15.753066046693
261 17.663521732656 2.871501593905 15.753675360543
262 17.691806012954 2.873101595270 15.754889712140
263 17.720045146669 2.874696492954 15.758729804071
264 17.748239349299 2.876286319413 15.760459101968
265 17.804493814765 2.879450886939 15.761924294484
266 17.832554500127 2.881025691390 15.763675021286
267 17.888543819998 2.884160497897 15.763984132920
268 17.916472867169 2.885720561565 15.766916434947
269 17.944358444926 2.887275772772 15.768043442500
270 17.972200755611 2.888826161611 15.769203343586
271 18.000000000000 2.890371757896 15.770418675043
272 18.027756377320 2.891912591165 15.772412927732
273 18.055470085268 2.893448690683 15.775449836964
274 18.110770276275 2.896506804192 15.776021452609
275 18.138357147217 2.898028875383 15.779300618735
276 18.165902124585 2.899546327230 15.780369748827
277 18.193405398660 2.901059187689 15.781140277645
278 18.220867158289 2.902567484458 15.781922669556
279 18.248287590895 2.904071244990 15.783217143676
280 18.275666882497 2.905570496488 15.784828731814
281 18.330302779823 2.908555579982 15.785391386605
282 18.357559750686 2.910041465176 15.786468796490
283 18.384776310850 2.911522947742 15.788551042811
284 18.411952639522 2.913000053690 15.790170999426
285 18.439088914586 2.914472808805 15.790704575492
286 18.466185312619 2.915941238642 15.794402492983
287 18.493242008907 2.917405368531 15.796615331840
288 18.547236990991 2.920320828687 15.797858430368
289 18.574175621007 2.921772208516 15.798860439564
290 18.601075237738 2.923219387529 15.800112021825
291 18.627936010197 2.924662389973 15.801381256317
292 18.681541692269 2.927535961101 15.803133093595
293 18.708286933870 2.928966577242 15.805585086685
294 18.761663039294 2.931815587799 15.805826716991
295 18.788294228056 2.933234028467 15.807834307902
296 18.814887722227 2.934648456567 15.809793369081
297 18.841443681417 2.936058894738 15.810745694132
298 18.867962264113 2.937465365426 15.812206022408
299 18.894443627691 2.938867890890 15.813203395920
300 18.920887928425 2.940266493200 15.813942268207
301 18.973665961010 2.943052015725 15.815203015526
302 19.000000000000 2.944438979166 15.816507738933
303 19.026297590440 2.945822105913 15.818663887108
304 19.052558883258 2.947201417132 15.819699453370
305 19.078784028339 2.948576933818 15.820200670516
306 19.104973174543 2.949948676791 15.822579505466
307 19.131126469709 2.951316666701 15.823973015871
308 19.209372712299 2.955398322020 15.826853649472
309 19.235384061671 2.956751502819 15.828254182021
310 19.261360284258 2.958101031304 15.830038308101
311 19.287301521986 2.959446927137 15.830496108434
312 19.313207915828 2.960789209822 15.831664928575
313 19.339079605814 2.962127898707 15.834785474494
314 19.390719429665 2.964794571695 15.835660058298
315 19.416487838948 2.966122593724 15.837392502400
316 19.442222095224 2.967447097810 15.839125254755
317 19.467922333932 2.968768102541 15.839771918986
318 19.519221295943 2.971399687563 15.841933633793
319 19.544820285692 2.972710304303 15.842788163200
320 19.595917942265 2.975321276294 15.843005828956
321 19.621416870349 2.976621667144 15.843901407405
322 19.646882704388 2.977918684732 15.846126284839
323 19.672315572906 2.979212346515 15.847205534486
324 19.697715603592 2.980502669812 15.847634051380
325 19.723082923316 2.981789671809 15.850014616858
326 19.748417658131 2.983073369562 15.851687671685
327 19.798989873223 2.985630919895 15.852654929045
328 19.824227601599 2.986904805935 15.853960950193
329 19.849433241279 2.988175454649 15.854980134372
330 19.874606914352 2.989442882451 15.856669846000
331 19.899748742132 2.990707105627 15.857273726473
332 19.924858845171 2.991968140344 15.857924719377
333 19.949937343260 2.993226002642 15.860011732725
334 20.000000000000 2.995732273554 15.860281718012
