0 1.000000000000 0.000000000000 11.350347710213
1 1.414213562373 0.346573590280 12.249893339454
2 1.732050807569 0.549306144334 12.526763871589
3 2.000000000000 0.693147180560 12.671823494512
4 2.236067977500 0.804718956217 13.023057826725
5 2.449489742783 0.895879734614 13.213393501734
6 2.828427124746 1.039720770840 13.283587268702
7 3.000000000000 1.098612288668 13.416750917871
8 3.162277660168 1.151292546497 13.495120703768
9 3.316624790355 1.198947636399 13.558519332833
10 3.464101615138 1.242453324894 13.576401483246
11 3.605551275464 1.282474678731 13.628256456147
12 3.741657386774 1.319528664808 13.709321921731
13 4.000000000000 1.386294361120 13.718995252287
14 4.123105625618 1.416606672028 13.788320228675
15 4.242640687119 1.445185878948 13.829775330590
16 4.358898943541 1.472219489583 13.853373619156
17 4.472135955000 1.497866136777 13.877172758956
18 4.582575694956 1.522261218862 13.918481320435
19 4.690415759823 1.545521226679 13.935844116049
20 4.898979485566 1.589026915174 13.955688066154
21 5.000000000000 1.609437912434 13.978961003466
22 5.099019513593 1.629048269011 14.026766935956
23 5.196152422707 1.647918433002 14.044430195528
24 5.385164807135 1.683647914993 14.082301931384
25 5.477225575052 1.700598690831 14.104223848528
26 5.656854249492 1.732867951400 14.109942051741
27 5.744562646538 1.748253780733 14.132657253466
28 5.830951894845 1.763180262308 14.152910935158
29 5.916079783100 1.777674030745 14.172185201903
30 6.000000000000 1.791759469228 14.182816096374
31 6.082762530298 1.805458956322 14.192300433368
32 6.164414002969 1.818793079863 14.217114889523
33 6.324555320337 1.844439727057 14.225808635107
34 6.403124237433 1.856786033352 14.255959209961
35 6.480740698408 1.868834809142 14.268989656081
36 6.557438524302 1.880600057847 14.274897403076
37 6.633249580711 1.892094816959 14.281555737877
38 6.708203932499 1.903331244885 14.300115196774
39 6.782329983125 1.914320698245 14.312037440228
40 6.928203230276 1.935600505454 14.313951608512
41 7.000000000000 1.945910149055 14.328811914573
42 7.071067811865 1.956011502714 14.348386281567
43 7.141428428543 1.965912816362 14.359275670772
44 7.211102550928 1.975621859291 14.364556394550
45 7.280109889281 1.985145956776 14.379876190364
46 7.348469228350 1.994492023282 14.396978971353
47 7.483314773548 2.012675845368 14.405733142493
48 7.549834435271 2.021525633917 14.413975561485
49 7.615773105864 2.030221505273 14.418434846500
50 7.681145747869 2.038768721953 14.431265224317
51 7.810249675907 2.055436932087 14.443420840245
52 7.874007874012 2.063567192523 14.458844401092
53 8.000000000000 2.079441541680 14.459941121650
54 8.062257748299 2.087193634948 14.476149009524
55 8.124038404636 2.094827371013 14.490074637304
56 8.185352771872 2.102346309695 14.493191754384
57 8.246211251235 2.109753852588 14.499784991869
58 8.306623862918 2.117053252299 14.512300097075
59 8.366600265341 2.124247621025 14.518030179659
60 8.485281374239 2.138333059508 14.522993488858
61 8.544003745318 2.145229720574 14.529640551480
62 8.602325267043 2.152032546602 14.544604347644
63 8.660254037844 2.158744056768 14.550947774943
64 8.717797887081 2.165366670143 14.553667432379
65 8.774964387392 2.171902710927 14.564033314052
66 8.831760866328 2.178354413345 14.568912880327
67 8.944271909999 2.191013317337 14.571943756858
68 9.000000000000 2.197224577336 14.583693779888
69 9.055385138137 2.203359623632 14.589199859931
70 9.110433579144 2.209420303898 14.596867771838
71 9.165151389912 2.215408399422 14.601993698110
72 9.219544457293 2.221325628245 14.606898619625
73 9.273618495496 2.227173648127 14.618382168442
74 9.380831519647 2.238668407239 14.620644899390
75 9.433981132057 2.244318184866 14.634214921481
76 9.486832980505 2.249904835165 14.643738742381
77 9.539392014169 2.255429753258 14.647601520210
78 9.643650760993 2.266299746577 14.651715114554
79 9.695359714833 2.271647391135 14.659709622038
80 9.797958971133 2.282174095734 14.661742707827
81 9.848857801796 2.287355489252 14.665946062223
82 9.899494936612 2.292483739335 14.675491221934
83 9.949874371066 2.297559925067 14.681112444314
84 10.000000000000 2.302585092994 14.683672247080
85 10.049875621121 2.307560258421 14.696467126257
86 10.099504938362 2.312486406642 14.700030707413
87 10.198039027186 2.322195449571 14.705543142438
88 10.246950765960 2.326980175079 14.712425587397
89 10.295630140987 2.331719547056 14.717394001490
90 10.344080432789 2.336414417231 14.722244569510
91 10.392304845413 2.341065613562 14.724298413524
92 10.440306508911 2.345673941115 14.729158199952
93 10.488088481702 2.350240182896 14.738046150046
94 10.630145812735 2.363693909356 14.744620373171
95 10.677078252031 2.368099224197 14.750791037818
96 10.723805294764 2.372466064182 14.753741630596
97 10.770329614269 2.376795095553 14.758092623792
98 10.816653826392 2.381086967399 14.765430631135
99 10.862780491200 2.385342312233 14.769505854219
100 10.954451150103 2.393745871391 14.772593843925
101 11.000000000000 2.397895272798 14.777210506947
102 11.045361017187 2.402010522367 14.784085533074
103 11.090536506409 2.406092177686 14.786841595403
104 11.180339887499 2.414156868651 14.795137338295
105 11.224972160322 2.418140953476 14.802685757795
106 11.313708498985 2.426015131960 14.803349187797
107 11.357816691601 2.429906202181 14.811103661993
108 11.401754250991 2.433767225228 14.813610190720
109 11.445523142260 2.437598661601 14.819673329685
110 11.489125293076 2.441400961293 14.822038989979
111 11.532562594671 2.445174564111 14.824388492977
112 11.575836902790 2.448919899975 14.832233240046
113 11.661903789691 2.456327442868 14.834421053063
114 11.704699910720 2.459990462914 14.839054054064
115 11.747340124471 2.463626842579 14.843454286248
116 11.789826122552 2.467236966565 14.846667720780
117 11.832159566199 2.470821211305 14.848877231118
118 11.874342087038 2.474379945189 14.853195574855
119 11.916375287813 2.477913528801 14.855134759962
120 12.000000000000 2.484906649788 14.856586243641
121 12.041594578792 2.488366871210 14.861644639987
122 12.083045973595 2.491803310854 14.870695377476
123 12.124355652982 2.495216293389 14.873106736051
124 12.165525060596 2.498606136882 14.874194549868
125 12.206555615734 2.501973152973 14.881115722423
126 12.247448713916 2.505317647048 14.885803615805
127 12.328828005938 2.511940260423 14.888699392042
128 12.369316876853 2.515218960696 14.894170788172
129 12.409673645991 2.518476301207 14.897731235201
130 12.449899597989 2.521712558460 14.901052804537
131 12.529964086142 2.528122902674 14.903925698656
132 12.569805089977 2.531297516513 14.907638871022
133 12.649110640674 2.537586907617 14.908640512732
134 12.688577540450 2.540702182492 14.916295817354
135 12.727922061358 2.543798167616 14.919956796008
136 12.767145334804 2.546875100403 14.920872681821
137 12.806248474866 2.549933213912 14.924452973341
138 12.845232578665 2.552972736950 14.927874524062
139 12.884098726725 2.555993894178 14.931726980581
140 12.961481396816 2.561981989702 14.933421752311
141 13.000000000000 2.564949357462 14.936695490098
142 13.038404810405 2.567899218525 14.942006460121
143 13.076696830622 2.570831778251 14.946110735089
144 13.114877048604 2.573747238407 14.946859119635
145 13.152946437966 2.576645797249 14.952410432250
146 13.190905958273 2.579527649607 14.956795926836
147 13.266499161422 2.585241997519 14.957597958522
148 13.304134695650 2.588074866287 14.959099080340
149 13.341664064126 2.590891775146 14.962367147560
150 13.379088160260 2.593692902920 14.966191756819
151 13.416407864999 2.596478425445 14.968527379428
152 13.453624047074 2.599248515633 14.972220985459
153 13.490737563232 2.602003343538 14.976529722427
154 13.564659966251 2.607467878804 14.978125911939
155 13.601470508735 2.610177912539 14.983892038927
156 13.638181696986 2.612873336857 14.987941300689
157 13.674794331177 2.615554308427 14.989202489418
158 13.747727084868 2.620873507530 14.994644208963
159 13.784048752090 2.623512036080 14.995893905999
160 13.856406460551 2.628747686014 14.996096611691
161 13.892443989450 2.631345094452 14.997589531952
162 13.928388277184 2.633929079532 15.004797145813
163 13.964240043769 2.636499779282 15.007454099956
164 14.000000000000 2.639057329615 15.008939571374
165 14.035668847618 2.641601864369 15.012426722671
166 14.071247279470 2.644133515347 15.015659962403
167 14.142135623731 2.649158683274 15.017898306753
168 14.177446878758 2.651652454030 15.021890861936
169 14.212670403552 2.654133848701 15.023929563273
170 14.247806848775 2.656602989521 15.026636914514
171 14.282856857086 2.659059996922 15.027898753350
172 14.317821063276 2.661504989569 15.030434578229
173 14.352700094407 2.663938084395 15.036352278697
174 14.422205101856 2.668769039851 15.036975381009
175 14.456832294801 2.671167125982 15.042844356964
176 14.491376746189 2.673553765359 15.045031218811
177 14.525839046334 2.675929066738 15.046567357148
178 14.560219778561 2.678293137336 15.048299655931
179 14.594519519326 2.680646082855 15.050512733201
180 14.628738838328 2.682988007511 15.052229216405
181 14.696938456699 2.687639203842 15.054635521630
182 14.730919862656 2.689948676770 15.056923934240
183 14.764823060233 2.692247531395 15.059749586399
184 14.798648586949 2.694535864908 15.062005063490
185 14.866068747319 2.699081350759 15.066619301841
186 14.899664425751 2.701338690936 15.070034831594
187 14.966629547096 2.705823025928 15.071137706491
188 15.000000000000 2.708050201102 15.074732337646
189 15.033296378373 2.710267499636 15.077022003834
190 15.066519173319 2.712475008741 15.079809021775
191 15.099668870542 2.714672814477 15.080879733290
192 15.132745950422 2.716861001777 15.083555024466
193 15.165750888103 2.719039654462 15.088582748104
194 15.231546211728 2.723368685833 15.089151205932
195 15.264337522474 2.725519226783 15.092347411092
196 15.297058540778 2.727660557679 15.096631330399
197 15.329709716756 2.729792757072 15.097586806191
198 15.362291495737 2.731915902513 15.099009444228
199 15.394804318341 2.734030070568 15.101959169114
200 15.427248620542 2.736135336836 15.103754011915
201 15.524174696260 2.742398466745 15.106889936179
202 15.556349186104 2.744468863078 15.109697031465
203 15.588457268120 2.746530721670 15.111768607955
204 15.620499351813 2.748584112647 15.113244160605
205 15.652475842499 2.750629105272 15.116611343438
206 15.684387141358 2.752665767966 15.119353312342
207 15.748015748024 2.756714373082 15.121246495119
208 15.779733838059 2.758726448232 15.123928238878
209 15.811388300842 2.760730458931 15.126684742517
210 15.842979517755 2.762726469566 15.129648925196
211 15.905973720587 2.766694744364 15.130508414127
212 15.937377450509 2.768667133509 15.134132693018
213 16.000000000000 2.772588722240 15.134299868814
214 16.031219541881 2.774538042448 15.138080466503
215 16.062378404209 2.776479792461 15.139917813170
216 16.093476939431 2.778414030850 15.141823465391
217 16.124515496597 2.780340815508 15.143686014709
218 16.155494421404 2.782260203661 15.147609259010
219 16.186414056239 2.784172251881 15.148851563346
220 16.248076809272 2.787974551573 15.150599252436
221 16.278820596100 2.789864912993 15.152400628878
222 16.309506430300 2.791748154391 15.156654037186
223 16.340134638368 2.793624329200 15.157429483146
224 16.370705543745 2.795493490255 15.157852247856
225 16.401219466857 2.797355689801 15.162362961458
226 16.431676725155 2.799210979499 15.165328157849
227 16.492422502471 2.802901033148 15.166082400109
228 16.522711641858 2.804735897592 15.167761719446
229 16.552945357247 2.806564053194 15.170078930189
230 16.583123951777 2.808385548833 15.172077660155
231 16.613247725836 2.810200432859 15.173662613138
232 16.643316977093 2.812008753094 15.174846021659
233 16.673332000533 2.813810556845 15.177500955960
234 16.733200530682 2.817394801585 15.178289076328
235 16.763054614240 2.819177334667 15.182237469132
236 16.792855623747 2.820953535469 15.183758813201
237 16.822603841261 2.822723448822 15.184828888198
238 16.881943016134 2.826244590134 15.187860141039
239 16.911534525288 2.827995905410 15.190033405885
240 16.970562748477 2.831480240068 15.190678246612
241 17.000000000000 2.833213344056 15.192363488719
242 17.029386365926 2.834940461490 15.196537319611
243 17.058722109232 2.836661633586 15.198108345166
244 17.088007490635 2.838376901134 15.198888921693
245 17.117242768624 2.840086304509 15.202281305594
246 17.146428199482 2.841789883669 15.204696983033
247 17.204650534085 2.845179727162 15.206558851221
248 17.233687939614 2.846866069401 15.209367748658
249 17.262676501632 2.848546743253 15.210376329366
250 17.291616465791 2.850221786695 15.213012874637
251 17.320508075689 2.851891237328 15.213785613097
252 17.349351572897 2.853555132374 15.215168230967
253 17.378147196983 2.855213508687 15.217064398759
254 17.435595774163 2.858513850703 15.217415684556
255 17.464249196573 2.860155888304 15.220310136481
256 17.492855684536 2.861792550976 15.223686022107
257 17.521415467935 2.863423873794 15.224704217330
258 17.549928774784 2.865049891487 15.225976664339
259 17.578395831247 2.866670638449 15.227897283272
260 17.606816861659 2.868286148740 15.229230136171
261 17.663521732656 2.871501593905 15.229946941468
262 17.691806012954 2.873101595270 15.231323671980
263 17.720045146669 2.874696492954 15.235626467560
264 17.748239349299 2.876286319413 15.237542409393
265 17.804493814765 2.879450886939 15.239156819787
266 17.832554500127 2.881025691390 15.241071785019
267 17.888543819998 2.884160497897 15.241417382416
268 17.916472867169 2.885720561565 15.244728623464
269 17.944358444926 2.887275772772 15.245954092401
270 17.972200755611 2.888826161611 15.247294403905
271 18.000000000000 2.890371757896 15.248683495428
272 18.027756377320 2.891912591165 15.250986911241
273 18.055470085268 2.893448690683 15.254354199391
274 18.110770276275 2.896506804192 15.255048011380
275 18.138357147217 2.898028875383 15.258704966217
276 18.165902124585 2.899546327230 15.259899755455
277 18.193405398660 2.901059187689 15.260706881504
278 18.220867158289 2.902567484458 15.261563754451
279 18.248287590895 2.904071244990 15.262970570988
280 18.275666882497 2.905570496488 15.264836524144
281 18.330302779823 2.908555579982 15.265478300471
282 18.357559750686 2.910041465176 15.266705562148
283 18.384776310850 2.911522947742 15.269124257662
284 18.411952639522 2.913000053690 15.270988805660
285 18.439088914586 2.914472808805 15.271610560184
286 18.466185312619 2.915941238642 15.275718497345
287 18.493242008907 2.917405368531 15.278073127675
288 18.547236990991 2.920320828687 15.279424076947
289 18.574175621007 2.921772208516 15.280486701118
290 18.601075237738 2.923219387529 15.281799087118
291 18.627936010197 2.924662389973 15.283202400944
292 18.681541692269 2.927535961101 15.285206287828
293 18.708286933870 2.928966577242 15.287915181859
294 18.761663039294 2.931815587799 15.288156224108
295 18.788294228056 2.933234028467 15.290466683435
296 18.814887722227 2.934648456567 15.292612248986
297 18.841443681417 2.936058894738 15.293632222528
298 18.867962264113 2.937465365426 15.295238794275
299 18.894443627691 2.938867890890 15.296333884729
300 18.920887928425 2.940266493200 15.297183960154
301 18.973665961010 2.943052015725 15.298593550894
302 19.000000000000 2.944438979166 15.300127375606
303 19.026297590440 2.945822105913 15.302629638554
304 19.052558883258 2.947201417132 15.303869960627
305 19.078784028339 2.948576933818 15.304454688988
306 19.104973174543 2.949948676791 15.307198184206
307 19.131126469709 2.951316666701 15.308792784889
308 19.209372712299 2.955398322020 15.312049164895
309 19.235384061671 2.956751502819 15.313568541032
310 19.261360284258 2.958101031304 15.315544011234
311 19.287301521986 2.959446927137 15.316057730826
312 19.313207915828 2.960789209822 15.317326956164
313 19.339079605814 2.962127898707 15.320765039482
314 19.390719429665 2.964794571695 15.321754938468
315 19.416487838948 2.966122593724 15.323622250460
316 19.442222095224 2.967447097810 15.325501766965
317 19.467922333932 2.968768102541 15.326192540811
318 19.519221295943 2.971399687563 15.328569279405
319 19.544820285692 2.972710304303 15.329529484675
320 19.595917942265 2.975321276294 15.329773461458
321 19.621416870349 2.976621667144 15.330839748554
322 19.646882704388 2.977918684732 15.333363961654
323 19.672315572906 2.979212346515 15.334564576498
324 19.697715603592 2.980502669812 15.335056366278
325 19.723082923316 2.981789671809 15.337678441779
326 19.748417658131 2.983073369562 15.339519985428
327 19.798989873223 2.985630919895 15.340590080216
328 19.824227601599 2.986904805935 15.342094548295
329 19.849433241279 2.988175454649 15.343218323132
330 19.874606914352 2.989442882451 15.345090212380
331 19.899748742132 2.990707105627 15.345741396819
332 19.924858845171 2.991968140344 15.346487344698
333 19.949937343260 2.993226002642 15.348783152590
334 20.000000000000 2.995732273554 15.349104900658
