0 1.000000000000 0.000000000000 11.743124070758
1 1.414213562373 0.346573590280 12.357917812561
2 1.732050807569 0.549306144334 12.535433944973
3 2.000000000000 0.693147180560 12.635163130268
4 2.236067977500 0.804718956217 12.876920534720
5 2.449489742783 0.895879734614 12.997946888968
6 2.828427124746 1.039720770840 13.059265950724
7 3.000000000000 1.098612288668 13.170808720225
8 3.162277660168 1.151292546497 13.233958417960
9 3.316624790355 1.198947636399 13.284623373382
10 3.464101615138 1.242453324894 13.300735478689
11 3.605551275464 1.282474678731 13.347509721789
12 3.741657386774 1.319528664808 13.415562701792
13 4.000000000000 1.386294361120 13.426861268135
14 4.123105625618 1.416606672028 13.495224023287
15 4.242640687119 1.445185878948 13.530850581045
16 4.358898943541 1.472219489583 13.552549715580
17 4.472135955000 1.497866136777 13.573427531731
18 4.582575694956 1.522261218862 13.610151667849
19 4.690415759823 1.545521226679 13.625400348207
20 4.898979485566 1.589026915174 13.645815352246
21 5.000000000000 1.609437912434 13.670524091500
22 5.099019513593 1.629048269011 13.716145367707
23 5.196152422707 1.647918433002 13.731523330893
24 5.385164807135 1.683647914993 13.767105719547
25 5.477225575052 1.700598690831 13.786157954462
26 5.656854249492 1.732867951400 13.792166186089
27 5.744562646538 1.748253780733 13.815561556664
28 5.830951894845 1.763180262308 13.834266559307
29 5.916079783100 1.777674030745 13.851803913662
30 6.000000000000 1.791759469228 13.862603091498
31 6.082762530298 1.805458956322 13.873818144586
32 6.164414002969 1.818793079863 13.897417680382
33 6.324555320337 1.844439727057 13.905535888430
34 6.403124237433 1.856786033352 13.934818652349
35 6.480740698408 1.868834809142 13.946708104287
36 6.557438524302 1.880600057847 13.952580183653
37 6.633249580711 1.892094816959 13.959277513037
38 6.708203932499 1.903331244885 13.976429708498
39 6.782329983125 1.914320698245 13.987411339930
40 6.928203230276 1.935600505454 13.989515964571
41 7.000000000000 1.945910149055 14.005706033934
42 7.071067811865 1.956011502714 14.026128793997
43 7.141428428543 1.965912816362 14.036672146487
44 7.211102550928 1.975621859291 14.041652808682
45 7.280109889281 1.985145956776 14.056053851958
46 7.348469228350 1.994492023282 14.072083469489
47 7.483314773548 2.012675845368 14.080864962887
48 7.549834435271 2.021525633917 14.089008002567
49 7.615773105864 2.030221505273 14.093280921317
50 7.681145747869 2.038768721953 14.105789256263
51 7.810249675907 2.055436932087 14.118370609906
52 7.874007874012 2.063567192523 14.132577873908
53 8.000000000000 2.079441541680 14.134510321798
54 8.062257748299 2.087193634948 14.151618442503
55 8.124038404636 2.094827371013 14.165216978041
56 8.185352771872 2.102346309695 14.168410686243
57 8.246211251235 2.109753852588 14.174900313465
58 8.306623862918 2.117053252299 14.186855469806
59 8.366600265341 2.124247621025 14.192339538036
60 8.485281374239 2.138333059508 14.197581476832
61 8.544003745318 2.145229720574 14.204388184651
62 8.602325267043 2.152032546602 14.219169369033
63 8.660254037844 2.158744056768 14.224959719183
64 8.717797887081 2.165366670143 14.227428137366
65 8.774964387392 2.171902710927 14.237695769492
66 8.831760866328 2.178354413345 14.242297400379
67 8.944271909999 2.191013317337 14.245316346823
68 9.000000000000 2.197224577336 14.257688750572
69 9.055385138137 2.203359623632 14.264264375748
70 9.110433579144 2.209420303898 14.271990655070
71 9.165151389912 2.215408399422 14.276781795618
72 9.219544457293 2.221325628245 14.282056340744
73 9.273618495496 2.227173648127 14.293179111480
74 9.380831519647 2.238668407239 14.295488032638
75 9.433981132057 2.244318184866 14.309154416971
76 9.486832980505 2.249904835165 14.318093907318
77 9.539392014169 2.255429753258 14.321774995317
78 9.643650760993 2.266299746577 14.325915693337
79 9.695359714833 2.271647391135 14.333733950637
80 9.797958971133 2.282174095734 14.335822840748
81 9.848857801796 2.287355489252 14.340252104566
82 9.899494936612 2.292483739335 14.350058763017
83 9.949874371066 2.297559925067 14.355585227264
84 10.000000000000 2.302585092994 14.358500324986
85 10.049875621121 2.307560258421 14.371721699520
86 10.099504938362 2.312486406642 14.375292046456
87 10.198039027186 2.322195449571 14.380815844251
88 10.246950765960 2.326980175079 14.387815779127
89 10.295630140987 2.331719547056 14.392737217310
90 10.344080432789 2.336414417231 14.397445691557
91 10.392304845413 2.341065613562 14.399757632568
92 10.440306508911 2.345673941115 14.404673497588
93 10.488088481702 2.350240182896 14.413269555678
94 10.630145812735 2.363693909356 14.420131942654
95 10.677078252031 2.368099224197 14.426242510315
96 10.723805294764 2.372466064182 14.429217266137
97 10.770329614269 2.376795095553 14.433622721412
98 10.816653826392 2.381086967399 14.440645992719
99 10.862780491200 2.385342312233 14.444351723688
100 10.954451150103 2.393745871391 14.447386939230
101 11.000000000000 2.397895272798 14.452572983401
102 11.045361017187 2.402010522367 14.460407178742
103 11.090536506409 2.406092177686 14.463371104818
104 11.180339887499 2.414156868651 14.471723489419
105 11.224972160322 2.418140953476 14.479258793505
106 11.313708498985 2.426015131960 14.480099815236
107 11.357816691601 2.429906202181 14.488160089757
108 11.401754250991 2.433767225228 14.490612396298
109 11.445523142260 2.437598661601 14.496461161749
110 11.489125293076 2.441400961293 14.498733152340
111 11.532562594671 2.445174564111 14.501128968325
112 11.575836902790 2.448919899975 14.508923203285
113 11.661903789691 2.456327442868 14.511178558586
114 11.704699910720 2.459990462914 14.515811588610
115 11.747340124471 2.463626842579 14.520099036541
116 11.789826122552 2.467236966565 14.523382790845
117 11.832159566199 2.470821211305 14.525535012713
118 11.874342087038 2.474379945189 14.529847638407
119 11.916375287813 2.477913528801 14.531755909937
120 12.000000000000 2.484906649788 14.533680052855
121 12.041594578792 2.488366871210 14.539840948856
122 12.083045973595 2.491803310854 14.548894281701
123 12.124355652982 2.495216293389 14.551322034964
124 12.165525060596 2.498606136882 14.552594716442
125 12.206555615734 2.501973152973 14.559425469828
126 12.247448713916 2.505317647048 14.564006822068
127 12.328828005938 2.511940260423 14.567205852950
128 12.369316876853 2.515218960696 14.572683159298
129 12.409673645991 2.518476301207 14.576250029656
130 12.449899597989 2.521712558460 14.579535033370
131 12.529964086142 2.528122902674 14.582507927455
132 12.569805089977 2.531297516513 14.586243584429
133 12.649110640674 2.537586907617 14.587286832131
134 12.688577540450 2.540702182492 14.595029452640
135 12.727922061358 2.543798167616 14.598940757851
136 12.767145334804 2.546875100403 14.599991842386
137 12.806248474866 2.549933213912 14.603457788234
138 12.845232578665 2.552972736950 14.606834714230
139 12.884098726725 2.555993894178 14.610517333103
140 12.961481396816 2.561981989702 14.612084886430
141 13.000000000000 2.564949357462 14.615823274153
142 13.038404810405 2.567899218525 14.621833733603
143 13.076696830622 2.570831778251 14.626078930945
144 13.114877048604 2.573747238407 14.626863351549
145 13.152946437966 2.576645797249 14.632631792439
146 13.190905958273 2.579527649607 14.636991584776
147 13.266499161422 2.585241997519 14.637790785090
148 13.304134695650 2.588074866287 14.639555729288
149 13.341664064126 2.590891775146 14.642965704538
150 13.379088160260 2.593692902920 14.646941632602
151 13.416407864999 2.596478425445 14.649349248717
152 13.453624047074 2.599248515633 14.653149347935
153 13.490737563232 2.602003343538 14.657645254991
154 13.564659966251 2.607467878804 14.659259413793
155 13.601470508735 2.610177912539 14.664903080158
156 13.638181696986 2.612873336857 14.668831670664
157 13.674794331177 2.615554308427 14.670176067588
158 13.747727084868 2.620873507530 14.675609279468
159 13.784048752090 2.623512036080 14.676745135290
160 13.856406460551 2.628747686014 14.677013053143
161 13.892443989450 2.631345094452 14.678647318095
162 13.928388277184 2.633929079532 14.686030403060
163 13.964240043769 2.636499779282 14.688635300307
164 14.000000000000 2.639057329615 14.690368692271
165 14.035668847618 2.641601864369 14.694411315859
166 14.071247279470 2.644133515347 14.697815044921
167 14.142135623731 2.649158683274 14.700320529819
168 14.177446878758 2.651652454030 14.704656172315
169 14.212670403552 2.654133848701 14.706646340387
170 14.247806848775 2.656602989521 14.709164193227
171 14.282856857086 2.659059996922 14.710495116784
172 14.317821063276 2.661504989569 14.713257613731
173 14.352700094407 2.663938084395 14.719296631467
174 14.422205101856 2.668769039851 14.719875661369
175 14.456832294801 2.671167125982 14.725912786583
176 14.491376746189 2.673553765359 14.728079974325
177 14.525839046334 2.675929066738 14.729603676855
178 14.560219778561 2.678293137336 14.731285957077
179 14.594519519326 2.680646082855 14.733534586811
180 14.628738838328 2.682988007511 14.735306339967
181 14.696938456699 2.687639203842 14.737808410904
182 14.730919862656 2.689948676770 14.740187229352
183 14.764823060233 2.692247531395 14.743015771811
184 14.798648586949 2.694535864908 14.745275700850
185 14.866068747319 2.699081350759 14.750081189746
186 14.899664425751 2.701338690936 14.753421088607
187 14.966629547096 2.705823025928 14.754577139783
188 15.000000000000 2.708050201102 14.758299101345
189 15.033296378373 2.710267499636 14.761085102818
190 15.066519173319 2.712475008741 14.764131006829
191 15.099668870542 2.714672814477 14.765203957092
192 15.132745950422 2.716861001777 14.768041797356
193 15.165750888103 2.719039654462 14.773067601635
194 15.231546211728 2.723368685833 14.773708775000
195 15.264337522474 2.725519226783 14.777135202331
196 15.297058540778 2.727660557679 14.781407121261
197 15.329709716756 2.729792757072 14.782483377477
198 15.362291495737 2.731915902513 14.783965944481
199 15.394804318341 2.734030070568 14.786789350164
200 15.427248620542 2.736135336836 14.788702092722
201 15.524174696260 2.742398466745 14.792037695132
202 15.556349186104 2.744468863078 14.794970248553
203 15.588457268120 2.746530721670 14.797156727209
204 15.620499351813 2.748584112647 14.798560094322
205 15.652475842499 2.750629105272 14.801947682431
206 15.684387141358 2.752665767966 14.804720841815
207 15.748015748024 2.756714373082 14.806592200165
208 15.779733838059 2.758726448232 14.809276643138
209 15.811388300842 2.760730458931 14.812120020952
210 15.842979517755 2.762726469566 14.814944662401
211 15.905973720587 2.766694744364 14.815769574650
212 15.937377450509 2.768667133509 14.819375441774
213 16.000000000000 2.772588722240 14.819757220597
214 16.031219541881 2.774538042448 14.824075228561
215 16.062378404209 2.776479792461 14.826118613288
216 16.093476939431 2.778414030850 14.827974369964
217 16.124515496597 2.780340815508 14.829967025025
218 16.155494421404 2.782260203661 14.834046277274
219 16.186414056239 2.784172251881 14.835333575301
220 16.248076809272 2.787974551573 14.837153245460
221 16.278820596100 2.789864912993 14.839141364875
222 16.309506430300 2.791748154391 14.843509019249
223 16.340134638368 2.793624329200 14.844385054904
224 16.370705543745 2.795493490255 14.844822785110
225 16.401219466857 2.797355689801 14.849387683940
226 16.431676725155 2.799210979499 14.852193186123
227 16.492422502471 2.802901033148 14.853027989273
228 16.522711641858 2.804735897592 14.854742554483
229 16.552945357247 2.806564053194 14.857087131147
230 16.583123951777 2.808385548833 14.859155794710
231 16.613247725836 2.810200432859 14.860803993413
232 16.643316977093 2.812008753094 14.861956188518
233 16.673332000533 2.813810556845 14.864507091757
234 16.733200530682 2.817394801585 14.865319782380
235 16.763054614240 2.819177334667 14.869356974128
236 16.792855623747 2.820953535469 14.870858636218
237 16.822603841261 2.822723448822 14.871968367526
238 16.881943016134 2.826244590134 14.875033724821
239 16.911534525288 2.827995905410 14.877105757050
240 16.970562748477 2.831480240068 14.877839149555
241 17.000000000000 2.833213344056 14.879816385406
242 17.029386365926 2.834940461490 14.884395673551
243 17.058722109232 2.836661633586 14.886092302676
244 17.088007490635 2.838376901134 14.886838662152
245 17.117242768624 2.840086304509 14.890329346386
246 17.146428199482 2.841789883669 14.892916234210
247 17.204650534085 2.845179727162 14.894734773397
248 17.233687939614 2.846866069401 14.897539093199
249 17.262676501632 2.848546743253 14.898668372402
250 17.291616465791 2.850221786695 14.901369534428
251 17.320508075689 2.851891237328 14.902101883499
252 17.349351572897 2.853555132374 14.903498945648
253 17.378147196983 2.855213508687 14.905557602770
254 17.435595774163 2.858513850703 14.905904837776
255 17.464249196573 2.860155888304 14.908920672089
256 17.492855684536 2.861792550976 14.912325231891
257 17.521415467935 2.863423873794 14.913298506958
258 17.549928774784 2.865049891487 14.914545424001
259 17.578395831247 2.866670638449 14.916544578538
260 17.606816861659 2.868286148740 14.917770186992
261 17.663521732656 2.871501593905 14.918520164244
262 17.691806012954 2.873101595270 14.920044611654
263 17.720045146669 2.874696492954 14.924457921944
264 17.748239349299 2.876286319413 14.926289860741
265 17.804493814765 2.879450886939 14.927843618188
266 17.832554500127 2.881025691390 14.929690702936
267 17.888543819998 2.884160497897 14.930072636437
268 17.916472867169 2.885720561565 14.933475372648
269 17.944358444926 2.887275772772 14.934642863602
270 17.972200755611 2.888826161611 14.936003378947
271 18.000000000000 2.890371757896 14.937591295606
272 18.027756377320 2.891912591165 14.940232341150
273 18.055470085268 2.893448690683 14.943662878471
274 18.110770276275 2.896506804192 14.944496527126
275 18.138357147217 2.898028875383 14.948227933149
276 18.165902124585 2.899546327230 14.949373831857
277 18.193405398660 2.901059187689 14.950201127513
278 18.220867158289 2.902567484458 14.951195420853
279 18.248287590895 2.904071244990 14.952650691603
280 18.275666882497 2.905570496488 14.954558846666
281 18.330302779823 2.908555579982 14.955187051817
282 18.357559750686 2.910041465176 14.956577427758
283 18.384776310850 2.911522947742 14.959096849624
284 18.411952639522 2.913000053690 14.960971444642
285 18.439088914586 2.914472808805 14.961661434256
286 18.466185312619 2.915941238642 14.965773360543
287 18.493242008907 2.917405368531 14.968109959431
288 18.547236990991 2.920320828687 14.969463257053
289 18.574175621007 2.921772208516 14.970526809279
290 18.601075237738 2.923219387529 14.971799755660
291 18.627936010197 2.924662389973 14.973110992898
292 18.681541692269 2.927535961101 14.975236446919
293 18.708286933870 2.928966577242 14.977927035714
294 18.761663039294 2.931815587799 14.978171872987
295 18.788294228056 2.933234028467 14.980624127796
296 18.814887722227 2.934648456567 14.982742715229
297 18.841443681417 2.936058894738 14.983758666939
298 18.867962264113 2.937465365426 14.985268554658
299 18.894443627691 2.938867890890 14.986282254901
300 18.920887928425 2.940266493200 14.987125136316
301 18.973665961010 2.943052015725 14.988508970575
302 19.000000000000 2.944438979166 14.990228583829
303 19.026297590440 2.945822105913 14.993100679836
304 19.052558883258 2.947201417132 14.994484887929
305 19.078784028339 2.948576933818 14.995058386382
306 19.104973174543 2.949948676791 14.997915131233
307 19.131126469709 2.951316666701 14.999666090887
308 19.209372712299 2.955398322020 15.002981349967
309 19.235384061671 2.956751502819 15.004572445048
310 19.261360284258 2.958101031304 15.006667995137
311 19.287301521986 2.959446927137 15.007191425015
312 19.313207915828 2.960789209822 15.008436166100
313 19.339079605814 2.962127898707 15.011913281393
314 19.390719429665 2.964794571695 15.012893094099
315 19.416487838948 2.966122593724 15.014746762291
316 19.442222095224 2.967447097810 15.016692371095
317 19.467922333932 2.968768102541 15.017405104207
318 19.519221295943 2.971399687563 15.019781717778
319 19.544820285692 2.972710304303 15.020719697713
320 19.595917942265 2.975321276294 15.020999811899
321 19.621416870349 2.976621667144 15.022031812231
322 19.646882704388 2.977918684732 15.024691178047
323 19.672315572906 2.979212346515 15.025935800465
324 19.697715603592 2.980502669812 15.026468310640
325 19.723082923316 2.981789671809 15.029055007590
326 19.748417658131 2.983073369562 15.030842798897
327 19.798989873223 2.985630919895 15.031961288161
328 19.824227601599 2.986904805935 15.033478866722
329 19.849433241279 2.988175454649 15.034577864917
330 19.874606914352 2.989442882451 15.036444308774
331 19.899748742132 2.990707105627 15.037073838702
332 19.924858845171 2.991968140344 15.037847308122
333 19.949937343260 2.993226002642 15.040048345978
334 20.000000000000 2.995732273554 15.040498489505
