0 1.000000000000 0.000000000000 11.372156515734
1 1.414213562373 0.346573590280 12.326948670737
2 1.732050807569 0.549306144334 12.633762282363
3 2.000000000000 0.693147180560 12.793631506709
4 2.236067977500 0.804718956217 13.177190520387
5 2.449489742783 0.895879734614 13.382367936880
6 2.828427124746 1.039720770840 13.453239987668
7 3.000000000000 1.098612288668 13.585010010196
8 3.162277660168 1.151292546497 13.661824270290
9 3.316624790355 1.198947636399 13.722965352094
10 3.464101615138 1.242453324894 13.740577938190
11 3.605551275464 1.282474678731 13.789661326748
12 3.741657386774 1.319528664808 13.866643689526
13 4.000000000000 1.386294361120 13.875410211172
14 4.123105625618 1.416606672028 13.937493649912
15 4.242640687119 1.445185878948 13.976046522686
16 4.358898943541 1.472219489583 13.998017097648
17 4.472135955000 1.497866136777 14.019453348824
18 4.582575694956 1.522261218862 14.057220678852
19 4.690415759823 1.545521226679 14.073627353154
20 4.898979485566 1.589026915174 14.090639923819
21 5.000000000000 1.609437912434 14.110798383210
22 5.099019513593 1.629048269011 14.152743933417
23 5.196152422707 1.647918433002 14.169096937194
24 5.385164807135 1.683647914993 14.202808979895
25 5.477225575052 1.700598690831 14.222910459818
26 5.656854249492 1.732867951400 14.227853956304
27 5.744562646538 1.748253780733 14.247222842060
28 5.830951894845 1.763180262308 14.264821563985
29 5.916079783100 1.777674030745 14.281504283281
30 6.000000000000 1.791759469228 14.291131505494
31 6.082762530298 1.805458956322 14.299235246457
32 6.164414002969 1.818793079863 14.321061092881
33 6.324555320337 1.844439727057 14.328606003734
34 6.403124237433 1.856786033352 14.354859496583
35 6.480740698408 1.868834809142 14.366285667726
36 6.557438524302 1.880600057847 14.371686149490
37 6.633249580711 1.892094816959 14.377524610620
38 6.708203932499 1.903331244885 14.393690671803
39 6.782329983125 1.914320698245 14.404121882741
40 6.928203230276 1.935600505454 14.405776369464
41 7.000000000000 1.945910149055 14.417952639042
42 7.071067811865 1.956011502714 14.434748515849
43 7.141428428543 1.965912816362 14.444149616925
44 7.211102550928 1.975621859291 14.448522840523
45 7.280109889281 1.985145956776 14.461753744417
46 7.348469228350 1.994492023282 14.477527171708
47 7.483314773548 2.012675845368 14.485027736164
48 7.549834435271 2.021525633917 14.492376414157
49 7.615773105864 2.030221505273 14.496267293011
50 7.681145747869 2.038768721953 14.507243238591
51 7.810249675907 2.055436932087 14.517447495182
52 7.874007874012 2.063567192523 14.530634960459
53 8.000000000000 2.079441541680 14.531562412241
54 8.062257748299 2.087193634948 14.544880211444
55 8.124038404636 2.094827371013 14.557076881493
56 8.185352771872 2.102346309695 14.559869254568
57 8.246211251235 2.109753852588 14.565778346094
58 8.306623862918 2.117053252299 14.577174896878
59 8.366600265341 2.124247621025 14.582149806762
60 8.485281374239 2.138333059508 14.586359708808
61 8.544003745318 2.145229720574 14.591858991200
62 8.602325267043 2.152032546602 14.604649049942
63 8.660254037844 2.158744056768 14.610064297588
64 8.717797887081 2.165366670143 14.612344554328
65 8.774964387392 2.171902710927 14.621509971060
66 8.831760866328 2.178354413345 14.625755650648
67 8.944271909999 2.191013317337 14.628261781806
68 9.000000000000 2.197224577336 14.638028926987
69 9.055385138137 2.203359623632 14.642812686698
70 9.110433579144 2.209420303898 14.649418746884
71 9.165151389912 2.215408399422 14.653713902613
72 9.219544457293 2.221325628245 14.657996717808
73 9.273618495496 2.227173648127 14.668095275404
74 9.380831519647 2.238668407239 14.669936949889
75 9.433981132057 2.244318184866 14.681350587739
76 9.486832980505 2.249904835165 14.690023004885
77 9.539392014169 2.255429753258 14.693731753826
78 9.643650760993 2.266299746577 14.697131167026
79 9.695359714833 2.271647391135 14.704041528352
80 9.797958971133 2.282174095734 14.705753369233
81 9.848857801796 2.287355489252 14.709255431322
82 9.899494936612 2.292483739335 14.717055503145
83 9.949874371066 2.297559925067 14.721823274602
84 10.000000000000 2.302585092994 14.723884030893
85 10.049875621121 2.307560258421 14.734874163722
86 10.099504938362 2.312486406642 14.738033429650
87 10.198039027186 2.322195449571 14.742752703599
88 10.246950765960 2.326980175079 14.748991881286
89 10.295630140987 2.331719547056 14.753301299296
90 10.344080432789 2.336414417231 14.757428879835
91 10.392304845413 2.341065613562 14.759381825922
92 10.440306508911 2.345673941115 14.763562325577
93 10.488088481702 2.350240182896 14.771507654275
94 10.630145812735 2.363693909356 14.777097739039
95 10.677078252031 2.368099224197 14.781977920990
96 10.723805294764 2.372466064182 14.784442315628
97 10.770329614269 2.376795095553 14.788188050475
98 10.816653826392 2.381086967399 14.794442136530
99 10.862780491200 2.385342312233 14.798055213831
100 10.954451150103 2.393745871391 14.800743226695
101 11.000000000000 2.397895272798 14.804499926488
102 11.045361017187 2.402010522367 14.810331099813
103 11.090536506409 2.406092177686 14.812810053806
104 11.180339887499 2.414156868651 14.819939997818
105 11.224972160322 2.418140953476 14.826869258494
106 11.313708498985 2.426015131960 14.827377616041
107 11.357816691601 2.429906202181 14.833824161755
108 11.401754250991 2.433767225228 14.836077698064
109 11.445523142260 2.437598661601 14.841417019219
110 11.489125293076 2.441400961293 14.843348746843
111 11.532562594671 2.445174564111 14.845279606807
112 11.575836902790 2.448919899975 14.852179710124
113 11.661903789691 2.456327442868 14.854030957888
114 11.704699910720 2.459990462914 14.857981679927
115 11.747340124471 2.463626842579 14.861856447353
116 11.789826122552 2.467236966565 14.864633538118
117 11.832159566199 2.470821211305 14.866480073958
118 11.874342087038 2.474379945189 14.870325945351
119 11.916375287813 2.477913528801 14.871970105951
120 12.000000000000 2.484906649788 14.873123753098
121 12.041594578792 2.488366871210 14.877135158422
122 12.083045973595 2.491803310854 14.884690603049
123 12.124355652982 2.495216293389 14.886832496174
124 12.165525060596 2.498606136882 14.887931837006
125 12.206555615734 2.501973152973 14.893973879367
126 12.247448713916 2.505317647048 14.898077133289
127 12.328828005938 2.511940260423 14.900642392219
128 12.369316876853 2.515218960696 14.905428157132
129 12.409673645991 2.518476301207 14.908719943871
130 12.449899597989 2.521712558460 14.911634085568
131 12.529964086142 2.528122902674 14.914307162978
132 12.569805089977 2.531297516513 14.917394488969
133 12.649110640674 2.537586907617 14.918325669055
134 12.688577540450 2.540702182492 14.924648259619
135 12.727922061358 2.543798167616 14.927887017655
136 12.767145334804 2.546875100403 14.928572939345
137 12.806248474866 2.549933213912 14.931658854800
138 12.845232578665 2.552972736950 14.934397258046
139 12.884098726725 2.555993894178 14.937672367117
140 12.961481396816 2.561981989702 14.939031696004
141 13.000000000000 2.564949357462 14.941827828050
142 13.038404810405 2.567899218525 14.946365745726
143 13.076696830622 2.570831778251 14.949937123438
144 13.114877048604 2.573747238407 14.950539311040
145 13.152946437966 2.576645797249 14.955452552246
146 13.190905958273 2.579527649607 14.959524737399
147 13.266499161422 2.585241997519 14.960237370976
148 13.304134695650 2.588074866287 14.961615979544
149 13.341664064126 2.590891775146 14.964477817599
150 13.379088160260 2.593692902920 14.967897709381
151 13.416407864999 2.596478425445 14.969779540863
152 13.453624047074 2.599248515633 14.972813678313
153 13.490737563232 2.602003343538 14.976600495631
154 13.564659966251 2.607467878804 14.977926410255
155 13.601470508735 2.610177912539 14.982727153749
156 13.638181696986 2.612873336857 14.986355442319
157 13.674794331177 2.615554308427 14.987525713115
158 13.747727084868 2.620873507530 14.992267446346
159 13.784048752090 2.623512036080 14.993282087241
160 13.856406460551 2.628747686014 14.993441292091
161 13.892443989450 2.631345094452 14.994619297503
162 13.928388277184 2.633929079532 15.000622815097
163 13.964240043769 2.636499779282 15.002957560333
164 14.000000000000 2.639057329615 15.004262409077
165 14.035668847618 2.641601864369 15.007172898513
166 14.071247279470 2.644133515347 15.010109464268
167 14.142135623731 2.649158683274 15.012039928543
168 14.177446878758 2.651652454030 15.015616897138
169 14.212670403552 2.654133848701 15.017211182845
170 14.247806848775 2.656602989521 15.019460162021
171 14.282856857086 2.659059996922 15.020618717530
172 14.317821063276 2.661504989569 15.022903706239
173 14.352700094407 2.663938084395 15.028064141875
174 14.422205101856 2.668769039851 15.028582142558
175 14.456832294801 2.671167125982 15.033735023205
176 14.491376746189 2.673553765359 15.035626950519
177 14.525839046334 2.675929066738 15.036890180751
178 14.560219778561 2.678293137336 15.038435628132
179 14.594519519326 2.680646082855 15.040432684821
180 14.628738838328 2.682988007511 15.042032801876
181 14.696938456699 2.687639203842 15.044138901023
182 14.730919862656 2.689948676770 15.045914268051
183 14.764823060233 2.692247531395 15.048192969116
184 14.798648586949 2.694535864908 15.050091807638
185 14.866068747319 2.699081350759 15.054057527711
186 14.899664425751 2.701338690936 15.056976237437
187 14.966629547096 2.705823025928 15.057855157522
188 15.000000000000 2.708050201102 15.060840829419
189 15.033296378373 2.710267499636 15.062750588793
190 15.066519173319 2.712475008741 15.065122280782
191 15.099668870542 2.714672814477 15.066021564123
192 15.132745950422 2.716861001777 15.068309525812
193 15.165750888103 2.719039654462 15.072836813097
194 15.231546211728 2.723368685833 15.073347204986
195 15.264337522474 2.725519226783 15.076159493184
196 15.297058540778 2.727660557679 15.079860706477
197 15.329709716756 2.729792757072 15.080934466006
198 15.362291495737 2.731915902513 15.082193901186
199 15.394804318341 2.734030070568 15.084675138760
200 15.427248620542 2.736135336836 15.086390981148
201 15.524174696260 2.742398466745 15.089044312390
202 15.556349186104 2.744468863078 15.091449728557
203 15.588457268120 2.746530721670 15.093205552897
204 15.620499351813 2.748584112647 15.094309904782
205 15.652475842499 2.750629105272 15.097158870356
206 15.684387141358 2.752665767966 15.099446836056
207 15.748015748024 2.756714373082 15.101030537684
208 15.779733838059 2.758726448232 15.103240424738
209 15.811388300842 2.760730458931 15.105730872608
210 15.842979517755 2.762726469566 15.108322467966
211 15.905973720587 2.766694744364 15.109015060600
212 15.937377450509 2.768667133509 15.112168189780
213 16.000000000000 2.772588722240 15.112317205776
214 16.031219541881 2.774538042448 15.115449872117
215 16.062378404209 2.776479792461 15.117033758208
216 16.093476939431 2.778414030850 15.118680342327
217 16.124515496597 2.780340815508 15.120278924384
218 16.155494421404 2.782260203661 15.123848783005
219 16.186414056239 2.784172251881 15.124955731692
220 16.248076809272 2.787974551573 15.126478551141
221 16.278820596100 2.789864912993 15.128122317986
222 16.309506430300 2.791748154391 15.131759529609
223 16.340134638368 2.793624329200 15.132362392946
224 16.370705543745 2.795493490255 15.132709899523
225 16.401219466857 2.797355689801 15.136508510823
226 16.431676725155 2.799210979499 15.139084211389
227 16.492422502471 2.802901033148 15.139788281989
228 16.522711641858 2.804735897592 15.141340487562
229 16.552945357247 2.806564053194 15.143308375053
230 16.583123951777 2.808385548833 15.145032695369
231 16.613247725836 2.810200432859 15.146530552841
232 16.643316977093 2.812008753094 15.147581810664
233 16.673332000533 2.813810556845 15.149814539684
234 16.733200530682 2.817394801585 15.150391091117
235 16.763054614240 2.819177334667 15.153747961053
236 16.792855623747 2.820953535469 15.155117317979
237 16.822603841261 2.822723448822 15.156037120463
238 16.881943016134 2.826244590134 15.158576124292
239 16.911534525288 2.827995905410 15.160391082793
240 16.970562748477 2.831480240068 15.160951153226
241 17.000000000000 2.833213344056 15.162237605872
242 17.029386365926 2.834940461490 15.165778438932
243 17.058722109232 2.836661633586 15.167108137504
244 17.088007490635 2.838376901134 15.167788619446
245 17.117242768624 2.840086304509 15.170774672299
246 17.146428199482 2.841789883669 15.172983287566
247 17.204650534085 2.845179727162 15.174576055426
248 17.233687939614 2.846866069401 15.177088981222
249 17.262676501632 2.848546743253 15.178074568371
250 17.291616465791 2.850221786695 15.180458701065
251 17.320508075689 2.851891237328 15.181085241426
252 17.349351572897 2.853555132374 15.182254040097
253 17.378147196983 2.855213508687 15.183961161948
254 17.435595774163 2.858513850703 15.184228097843
255 17.464249196573 2.860155888304 15.186645594951
256 17.492855684536 2.861792550976 15.189653640421
257 17.521415467935 2.863423873794 15.190594820056
258 17.549928774784 2.865049891487 15.191670488786
259 17.578395831247 2.866670638449 15.193482886833
260 17.606816861659 2.868286148740 15.194582651181
261 17.663521732656 2.871501593905 15.195129689228
262 17.691806012954 2.873101595270 15.196151468405
263 17.720045146669 2.874696492954 15.199817445366
264 17.748239349299 2.876286319413 15.201539633899
265 17.804493814765 2.879450886939 15.202899070282
266 17.832554500127 2.881025691390 15.204584053710
267 17.888543819998 2.884160497897 15.204889656386
268 17.916472867169 2.885720561565 15.207646076261
269 17.944358444926 2.887275772772 15.208648448626
270 17.972200755611 2.888826161611 15.209801362143
271 18.000000000000 2.890371757896 15.210948736674
272 18.027756377320 2.891912591165 15.212894205042
273 18.055470085268 2.893448690683 15.215836267680
274 18.110770276275 2.896506804192 15.216510756255
275 18.138357147217 2.898028875383 15.219799049290
276 18.165902124585 2.899546327230 15.220929130033
277 18.193405398660 2.901059187689 15.221581810755
278 18.220867158289 2.902567484458 15.222371960024
279 18.248287590895 2.904071244990 15.223587447826
280 18.275666882497 2.905570496488 15.225383740908
281 18.330302779823 2.908555579982 15.225917851497
282 18.357559750686 2.910041465176 15.227084676345
283 18.384776310850 2.911522947742 15.228967405852
284 18.411952639522 2.913000053690 15.230511659395
285 18.439088914586 2.914472808805 15.231089411862
286 18.466185312619 2.915941238642 15.234663852422
287 18.493242008907 2.917405368531 15.236727466033
288 18.547236990991 2.920320828687 15.237976517254
289 18.574175621007 2.921772208516 15.238844649854
290 18.601075237738 2.923219387529 15.239899276984
291 18.627936010197 2.924662389973 15.241110724771
292 18.681541692269 2.927535961101 15.242904874970
293 18.708286933870 2.928966577242 15.245286254421
294 18.761663039294 2.931815587799 15.245462649103
295 18.788294228056 2.933234028467 15.247447038117
296 18.814887722227 2.934648456567 15.249260860240
297 18.841443681417 2.936058894738 15.250088526404
298 18.867962264113 2.937465365426 15.251466132352
299 18.894443627691 2.938867890890 15.252422935523
300 18.920887928425 2.940266493200 15.253213081874
301 18.973665961010 2.943052015725 15.254370803386
302 19.000000000000 2.944438979166 15.255734472984
303 19.026297590440 2.945822105913 15.257834529398
304 19.052558883258 2.947201417132 15.258933554703
305 19.078784028339 2.948576933818 15.259518720335
306 19.104973174543 2.949948676791 15.261821591431
307 19.131126469709 2.951316666701 15.263249204884
308 19.209372712299 2.955398322020 15.265997755480
309 19.235384061671 2.956751502819 15.267336072399
310 19.261360284258 2.958101031304 15.269112337660
311 19.287301521986 2.959446927137 15.269526883311
312 19.313207915828 2.960789209822 15.270601237923
313 19.339079605814 2.962127898707 15.273745043152
314 19.390719429665 2.964794571695 15.274605697947
315 19.416487838948 2.966122593724 15.276229876707
316 19.442222095224 2.967447097810 15.277975601673
317 19.467922333932 2.968768102541 15.278660167587
318 19.519221295943 2.971399687563 15.280714061438
319 19.544820285692 2.972710304303 15.281549582347
320 19.595917942265 2.975321276294 15.281734004918
321 19.621416870349 2.976621667144 15.282626092905
322 19.646882704388 2.977918684732 15.284826493218
323 19.672315572906 2.979212346515 15.285918330191
324 19.697715603592 2.980502669812 15.286306900172
325 19.723082923316 2.981789671809 15.288515730075
326 19.748417658131 2.983073369562 15.290102843117
327 19.798989873223 2.985630919895 15.291008994519
328 19.824227601599 2.986904805935 15.292266773823
329 19.849433241279 2.988175454649 15.293118714882
330 19.874606914352 2.989442882451 15.294757777133
331 19.899748742132 2.990707105627 15.295295489858
332 19.924858845171 2.991968140344 15.296011308117
333 19.949937343260 2.993226002642 15.298039671340
334 20.000000000000 2.995732273554 15.298320508454
