0 1.000000000000 0.000000000000 11.090171766725
1 1.414213562373 0.346573590280 12.035853557524
2 1.732050807569 0.549306144334 12.355457702078
3 2.000000000000 0.693147180560 12.541987584032
4 2.236067977500 0.804718956217 13.016787282956
5 2.449489742783 0.895879734614 13.303789533447
6 2.828427124746 1.039720770840 13.409604852807
7 3.000000000000 1.098612288668 13.598598798636
8 3.162277660168 1.151292546497 13.689849824566
9 3.316624790355 1.198947636399 13.767286233677
10 3.464101615138 1.242453324894 13.794089762139
11 3.605551275464 1.282474678731 13.853677831830
12 3.741657386774 1.319528664808 13.949334032929
13 4.000000000000 1.386294361120 13.957547302319
14 4.123105625618 1.416606672028 14.021054541464
15 4.242640687119 1.445185878948 14.060705187306
16 4.358898943541 1.472219489583 14.086155824707
17 4.472135955000 1.497866136777 14.106387521313
18 4.582575694956 1.522261218862 14.140046843693
19 4.690415759823 1.545521226679 14.158000366911
20 4.898979485566 1.589026915174 14.173147938612
21 5.000000000000 1.609437912434 14.196950014348
22 5.099019513593 1.629048269011 14.239122020545
23 5.196152422707 1.647918433002 14.251684615702
24 5.385164807135 1.683647914993 14.287454802997
25 5.477225575052 1.700598690831 14.301787308809
26 5.656854249492 1.732867951400 14.309202637261
27 5.744562646538 1.748253780733 14.328376099682
28 5.830951894845 1.763180262308 14.349385884507
29 5.916079783100 1.777674030745 14.363796692790
30 6.000000000000 1.791759469228 14.375722739450
31 6.082762530298 1.805458956322 14.382343666839
32 6.164414002969 1.818793079863 14.402323415537
33 6.324555320337 1.844439727057 14.408821933509
34 6.403124237433 1.856786033352 14.436321426822
35 6.480740698408 1.868834809142 14.448665666606
36 6.557438524302 1.880600057847 14.455481092796
37 6.633249580711 1.892094816959 14.460643798015
38 6.708203932499 1.903331244885 14.478227396602
39 6.782329983125 1.914320698245 14.487417758732
40 6.928203230276 1.935600505454 14.490070052887
41 7.000000000000 1.945910149055 14.500942048999
42 7.071067811865 1.956011502714 14.521504859725
43 7.141428428543 1.965912816362 14.530732781926
44 7.211102550928 1.975621859291 14.534051081156
45 7.280109889281 1.985145956776 14.545706864719
46 7.348469228350 1.994492023282 14.562738170234
47 7.483314773548 2.012675845368 14.571115032911
48 7.549834435271 2.021525633917 14.580474086913
49 7.615773105864 2.030221505273 14.583449762376
50 7.681145747869 2.038768721953 14.596675941827
51 7.810249675907 2.055436932087 14.608557370662
52 7.874007874012 2.063567192523 14.622755770665
53 8.000000000000 2.079441541680 14.622923484653
54 8.062257748299 2.087193634948 14.635625135186
55 8.124038404636 2.094827371013 14.648557062766
56 8.185352771872 2.102346309695 14.652006718043
57 8.246211251235 2.109753852588 14.657981214700
58 8.306623862918 2.117053252299 14.669077867079
59 8.366600265341 2.124247621025 14.677230208319
60 8.485281374239 2.138333059508 14.680908757240
61 8.544003745318 2.145229720574 14.685251254705
62 8.602325267043 2.152032546602 14.698395063745
63 8.660254037844 2.158744056768 14.705003823597
64 8.717797887081 2.165366670143 14.707910155978
65 8.774964387392 2.171902710927 14.720762991363
66 8.831760866328 2.178354413345 14.725784827170
67 8.944271909999 2.191013317337 14.727626186210
68 9.000000000000 2.197224577336 14.738153869410
69 9.055385138137 2.203359623632 14.741938929881
70 9.110433579144 2.209420303898 14.749250168849
71 9.165151389912 2.215408399422 14.754157516667
72 9.219544457293 2.221325628245 14.756960525251
73 9.273618495496 2.227173648127 14.767497337110
74 9.380831519647 2.238668407239 14.771066617381
75 9.433981132057 2.244318184866 14.784503031898
76 9.486832980505 2.249904835165 14.794032150374
77 9.539392014169 2.255429753258 14.797030072691
78 9.643650760993 2.266299746577 14.801248244881
79 9.695359714833 2.271647391135 14.810186501547
80 9.797958971133 2.282174095734 14.812891571691
81 9.848857801796 2.287355489252 14.818222626122
82 9.899494936612 2.292483739335 14.826038894640
83 9.949874371066 2.297559925067 14.831671601872
84 10.000000000000 2.302585092994 14.833273174562
85 10.049875621121 2.307560258421 14.845495622574
86 10.099504938362 2.312486406642 14.847267688607
87 10.198039027186 2.322195449571 14.851712548111
88 10.246950765960 2.326980175079 14.858040559443
89 10.295630140987 2.331719547056 14.863466542306
90 10.344080432789 2.336414417231 14.867801033576
91 10.392304845413 2.341065613562 14.870347885283
92 10.440306508911 2.345673941115 14.875799117735
93 10.488088481702 2.350240182896 14.886011396471
94 10.630145812735 2.363693909356 14.892200293881
95 10.677078252031 2.368099224197 14.897302168902
96 10.723805294764 2.372466064182 14.900648473630
97 10.770329614269 2.376795095553 14.906168628886
98 10.816653826392 2.381086967399 14.911562237736
99 10.862780491200 2.385342312233 14.915269189330
100 10.954451150103 2.393745871391 14.918162675524
101 11.000000000000 2.397895272798 14.923632156158
102 11.045361017187 2.402010522367 14.930834427052
103 11.090536506409 2.406092177686 14.933108146543
104 11.180339887499 2.414156868651 14.941989603285
105 11.224972160322 2.418140953476 14.948412189774
106 11.313708498985 2.426015131960 14.948766434043
107 11.357816691601 2.429906202181 14.956291773632
108 11.401754250991 2.433767225228 14.957722420106
109 11.445523142260 2.437598661601 14.961999577876
110 11.489125293076 2.441400961293 14.964613152044
111 11.532562594671 2.445174564111 14.968239750879
112 11.575836902790 2.448919899975 14.976859745823
113 11.661903789691 2.456327442868 14.979921823062
114 11.704699910720 2.459990462914 14.983630252391
115 11.747340124471 2.463626842579 14.989250108657
116 11.789826122552 2.467236966565 14.992601562678
117 11.832159566199 2.470821211305 14.994479658816
118 11.874342087038 2.474379945189 14.999479410730
119 11.916375287813 2.477913528801 15.002530470638
120 12.000000000000 2.484906649788 15.003991581927
121 12.041594578792 2.488366871210 15.007428594662
122 12.083045973595 2.491803310854 15.015071644961
123 12.124355652982 2.495216293389 15.017605600398
124 12.165525060596 2.498606136882 15.018254607680
125 12.206555615734 2.501973152973 15.024640441668
126 12.247448713916 2.505317647048 15.029000331929
127 12.328828005938 2.511940260423 15.032621478041
128 12.369316876853 2.515218960696 15.038952992973
129 12.409673645991 2.518476301207 15.041691329729
130 12.449899597989 2.521712558460 15.046522098627
131 12.529964086142 2.528122902674 15.048688704014
132 12.569805089977 2.531297516513 15.052394984147
133 12.649110640674 2.537586907617 15.053308391038
134 12.688577540450 2.540702182492 15.061766688545
135 12.727922061358 2.543798167616 15.066892287274
136 12.767145334804 2.546875100403 15.067162337890
137 12.806248474866 2.549933213912 15.070361630566
138 12.845232578665 2.552972736950 15.073602161178
139 12.884098726725 2.555993894178 15.078659406012
140 12.961481396816 2.561981989702 15.079505072980
141 13.000000000000 2.564949357462 15.082193337656
142 13.038404810405 2.567899218525 15.087155842444
143 13.076696830622 2.570831778251 15.090740388643
144 13.114877048604 2.573747238407 15.092106117770
145 13.152946437966 2.576645797249 15.097459443654
146 13.190905958273 2.579527649607 15.101818824208
147 13.266499161422 2.585241997519 15.102891354881
148 13.304134695650 2.588074866287 15.104606557787
149 13.341664064126 2.590891775146 15.107919423935
150 13.379088160260 2.593692902920 15.112135102482
151 13.416407864999 2.596478425445 15.114681535822
152 13.453624047074 2.599248515633 15.118783028048
153 13.490737563232 2.602003343538 15.122574464777
154 13.564659966251 2.607467878804 15.123850945153
155 13.601470508735 2.610177912539 15.130068286926
156 13.638181696986 2.612873336857 15.133994919157
157 13.674794331177 2.615554308427 15.135438862354
158 13.747727084868 2.620873507530 15.140632459732
159 13.784048752090 2.623512036080 15.141519739651
160 13.856406460551 2.628747686014 15.141893542848
161 13.892443989450 2.631345094452 15.143869615308
162 13.928388277184 2.633929079532 15.152430834466
163 13.964240043769 2.636499779282 15.155671971386
164 14.000000000000 2.639057329615 15.157849896754
165 14.035668847618 2.641601864369 15.160325416786
166 14.071247279470 2.644133515347 15.163693830070
167 14.142135623731 2.649158683274 15.166338350304
168 14.177446878758 2.651652454030 15.169434608254
169 14.212670403552 2.654133848701 15.170997197267
170 14.247806848775 2.656602989521 15.172874439407
171 14.282856857086 2.659059996922 15.173255227519
172 14.317821063276 2.661504989569 15.176682989350
173 14.352700094407 2.663938084395 15.182769897104
174 14.422205101856 2.668769039851 15.183215195922
175 14.456832294801 2.671167125982 15.189544061018
176 14.491376746189 2.673553765359 15.193033562967
177 14.525839046334 2.675929066738 15.194626213726
178 14.560219778561 2.678293137336 15.195959870019
179 14.594519519326 2.680646082855 15.198805425096
180 14.628738838328 2.682988007511 15.200283011570
181 14.696938456699 2.687639203842 15.202560633460
182 14.730919862656 2.689948676770 15.205168256718
183 14.764823060233 2.692247531395 15.209003943811
184 14.798648586949 2.694535864908 15.212022540945
185 14.866068747319 2.699081350759 15.217039284606
186 14.899664425751 2.701338690936 15.219299001387
187 14.966629547096 2.705823025928 15.220894547159
188 15.000000000000 2.708050201102 15.223223886457
189 15.033296378373 2.710267499636 15.225171775199
190 15.066519173319 2.712475008741 15.227922856879
191 15.099668870542 2.714672814477 15.229549455181
192 15.132745950422 2.716861001777 15.232445660091
193 15.165750888103 2.719039654462 15.237425891708
194 15.231546211728 2.723368685833 15.237961326660
195 15.264337522474 2.725519226783 15.241544728253
196 15.297058540778 2.727660557679 15.246806009008
197 15.329709716756 2.729792757072 15.247176389029
198 15.362291495737 2.731915902513 15.248804433378
199 15.394804318341 2.734030070568 15.251837168689
200 15.427248620542 2.736135336836 15.253595339884
201 15.524174696260 2.742398466745 15.256771209755
202 15.556349186104 2.744468863078 15.259639770755
203 15.588457268120 2.746530721670 15.262020280694
204 15.620499351813 2.748584112647 15.264005005087
205 15.652475842499 2.750629105272 15.267405376168
206 15.684387141358 2.752665767966 15.269951299065
207 15.748015748024 2.756714373082 15.271753467100
208 15.779733838059 2.758726448232 15.275821815662
209 15.811388300842 2.760730458931 15.278061082223
210 15.842979517755 2.762726469566 15.280807393595
211 15.905973720587 2.766694744364 15.281223124104
212 15.937377450509 2.768667133509 15.285032396146
213 16.000000000000 2.772588722240 15.285109685071
214 16.031219541881 2.774538042448 15.290360519813
215 16.062378404209 2.776479792461 15.292445120585
216 16.093476939431 2.778414030850 15.293631766397
217 16.124515496597 2.780340815508 15.295098521508
218 16.155494421404 2.782260203661 15.299506781988
219 16.186414056239 2.784172251881 15.301107120158
220 16.248076809272 2.787974551573 15.303085422801
221 16.278820596100 2.789864912993 15.304258614029
222 16.309506430300 2.791748154391 15.308188111630
223 16.340134638368 2.793624329200 15.309501703540
224 16.370705543745 2.795493490255 15.310195539335
225 16.401219466857 2.797355689801 15.314168853454
226 16.431676725155 2.799210979499 15.317830856391
227 16.492422502471 2.802901033148 15.318962870527
228 16.522711641858 2.804735897592 15.320026080971
229 16.552945357247 2.806564053194 15.322515443239
230 16.583123951777 2.808385548833 15.325207910940
231 16.613247725836 2.810200432859 15.326626238917
232 16.643316977093 2.812008753094 15.327779203562
233 16.673332000533 2.813810556845 15.330174386869
234 16.733200530682 2.817394801585 15.331336447908
235 16.763054614240 2.819177334667 15.335182174830
236 16.792855623747 2.820953535469 15.337398184587
237 16.822603841261 2.822723448822 15.338925986111
238 16.881943016134 2.826244590134 15.342661045231
239 16.911534525288 2.827995905410 15.345734685740
240 16.970562748477 2.831480240068 15.345973658987
241 17.000000000000 2.833213344056 15.348089888013
242 17.029386365926 2.834940461490 15.351415594384
243 17.058722109232 2.836661633586 15.352505081288
244 17.088007490635 2.838376901134 15.352941059751
245 17.117242768624 2.840086304509 15.356598535041
246 17.146428199482 2.841789883669 15.358776188734
247 17.204650534085 2.845179727162 15.360978960676
248 17.233687939614 2.846866069401 15.363574217679
249 17.262676501632 2.848546743253 15.364480586298
250 17.291616465791 2.850221786695 15.367867512382
251 17.320508075689 2.851891237328 15.368533027546
252 17.349351572897 2.853555132374 15.369896542241
253 17.378147196983 2.855213508687 15.372624750568
254 17.435595774163 2.858513850703 15.372716630452
255 17.464249196573 2.860155888304 15.375780915026
256 17.492855684536 2.861792550976 15.379369345320
257 17.521415467935 2.863423873794 15.380075573708
258 17.549928774784 2.865049891487 15.381841993434
259 17.578395831247 2.866670638449 15.384363947679
260 17.606816861659 2.868286148740 15.386111171732
261 17.663521732656 2.871501593905 15.386640812283
262 17.691806012954 2.873101595270 15.388187385877
263 17.720045146669 2.874696492954 15.392960672534
264 17.748239349299 2.876286319413 15.394586577766
265 17.804493814765 2.879450886939 15.395863987650
266 17.832554500127 2.881025691390 15.397665245067
267 17.888543819998 2.884160497897 15.398107451635
268 17.916472867169 2.885720561565 15.401522615132
269 17.944358444926 2.887275772772 15.402419794807
270 17.972200755611 2.888826161611 15.404148850270
271 18.000000000000 2.890371757896 15.405989071485
272 18.027756377320 2.891912591165 15.409097098601
273 18.055470085268 2.893448690683 15.412410193700
274 18.110770276275 2.896506804192 15.413063725773
275 18.138357147217 2.898028875383 15.416172473745
276 18.165902124585 2.899546327230 15.417657153233
277 18.193405398660 2.901059187689 15.419340776633
278 18.220867158289 2.902567484458 15.420243820870
279 18.248287590895 2.904071244990 15.421736116309
280 18.275666882497 2.905570496488 15.422900775301
281 18.330302779823 2.908555579982 15.423651629864
282 18.357559750686 2.910041465176 15.424849265478
283 18.384776310850 2.911522947742 15.427839487379
284 18.411952639522 2.913000053690 15.429830931762
285 18.439088914586 2.914472808805 15.430036305387
286 18.466185312619 2.915941238642 15.434502683203
287 18.493242008907 2.917405368531 15.437222633714
288 18.547236990991 2.920320828687 15.438017102609
289 18.574175621007 2.921772208516 15.439937176405
290 18.601075237738 2.923219387529 15.441758388711
291 18.627936010197 2.924662389973 15.442734948985
292 18.681541692269 2.927535961101 15.443829889199
293 18.708286933870 2.928966577242 15.447081713033
294 18.761663039294 2.931815587799 15.447528413850
295 18.788294228056 2.933234028467 15.450331576251
296 18.814887722227 2.934648456567 15.453066234844
297 18.841443681417 2.936058894738 15.454467660205
298 18.867962264113 2.937465365426 15.455957870499
299 18.894443627691 2.938867890890 15.457022940644
300 18.920887928425 2.940266493200 15.457985488473
301 18.973665961010 2.943052015725 15.459920169262
302 19.000000000000 2.944438979166 15.461745479522
303 19.026297590440 2.945822105913 15.464442223196
304 19.052558883258 2.947201417132 15.465579726729
305 19.078784028339 2.948576933818 15.465969869036
306 19.104973174543 2.949948676791 15.468161970987
307 19.131126469709 2.951316666701 15.469382493681
308 19.209372712299 2.955398322020 15.472998551250
309 19.235384061671 2.956751502819 15.475049013741
310 19.261360284258 2.958101031304 15.477316227344
311 19.287301521986 2.959446927137 15.477894558170
312 19.313207915828 2.960789209822 15.479401806590
313 19.339079605814 2.962127898707 15.482971310514
314 19.390719429665 2.964794571695 15.483805130291
315 19.416487838948 2.966122593724 15.486401737029
316 19.442222095224 2.967447097810 15.487915006615
317 19.467922333932 2.968768102541 15.488572260797
318 19.519221295943 2.971399687563 15.490706247941
319 19.544820285692 2.972710304303 15.491711016558
320 19.595917942265 2.975321276294 15.492263882403
321 19.621416870349 2.976621667144 15.493007038894
322 19.646882704388 2.977918684732 15.495915285709
323 19.672315572906 2.979212346515 15.497444000409
324 19.697715603592 2.980502669812 15.498387018538
325 19.723082923316 2.981789671809 15.502173180474
326 19.748417658131 2.983073369562 15.503972567156
327 19.798989873223 2.985630919895 15.505339179051
328 19.824227601599 2.986904805935 15.506254134053
329 19.849433241279 2.988175454649 15.507408438757
330 19.874606914352 2.989442882451 15.509053561561
331 19.899748742132 2.990707105627 15.509993782615
332 19.924858845171 2.991968140344 15.510749581979
333 19.949937343260 2.993226002642 15.512995977087
334 20.000000000000 2.995732273554 15.513205471276
