0 1.000000000000 0.000000000000 7.835974581722
1 1.414213562373 0.346573590280 8.830250570199
2 1.732050807569 0.549306144334 9.177610547353
3 2.000000000000 0.693147180560 9.373988663505
4 2.236067977500 0.804718956217 9.910761036503
5 2.449489742783 0.895879734614 10.255622204933
6 2.828427124746 1.039720770840 10.390532647637
7 3.000000000000 1.098612288668 10.663124474365
8 3.162277660168 1.151292546497 10.836871361836
9 3.316624790355 1.198947636399 10.983901925669
10 3.464101615138 1.242453324894 11.028904043956
11 3.605551275464 1.282474678731 11.149340990826
12 3.741657386774 1.319528664808 11.353108763516
13 4.000000000000 1.386294361120 11.376028414869
14 4.123105625618 1.416606672028 11.540365519396
15 4.242640687119 1.445185878948 11.646214328187
16 4.358898943541 1.472219489583 11.710020685123
17 4.472135955000 1.497866136777 11.770369954861
18 4.582575694956 1.522261218862 11.879802193294
19 4.690415759823 1.545521226679 11.929488759744
20 4.898979485566 1.589026915174 11.976822989847
21 5.000000000000 1.609437912434 12.033230021370
22 5.099019513593 1.629048269011 12.155778851476
23 5.196152422707 1.647918433002 12.204781812764
24 5.385164807135 1.683647914993 12.306415594226
25 5.477225575052 1.700598690831 12.368625074467
26 5.656854249492 1.732867951400 12.383758473920
27 5.744562646538 1.748253780733 12.441026183604
28 5.830951894845 1.763180262308 12.494112154094
29 5.916079783100 1.777674030745 12.544578527179
30 6.000000000000 1.791759469228 12.574645527454
31 6.082762530298 1.805458956322 12.598648374678
32 6.164414002969 1.818793079863 12.665741807652
33 6.324555320337 1.844439727057 12.687158390661
34 6.403124237433 1.856786033352 12.767578075538
35 6.480740698408 1.868834809142 12.804573925603
36 6.557438524302 1.880600057847 12.822290184461
37 6.633249580711 1.892094816959 12.840461898416
38 6.708203932499 1.903331244885 12.891041474354
39 6.782329983125 1.914320698245 12.923966095778
40 6.928203230276 1.935600505454 12.929239687076
41 7.000000000000 1.945910149055 12.964412820513
42 7.071067811865 1.956011502714 13.016135819307
43 7.141428428543 1.965912816362 13.044639645494
44 7.211102550928 1.975621859291 13.058473179393
45 7.280109889281 1.985145956776 13.098836784748
46 7.348469228350 1.994492023282 13.149601041285
47 7.483314773548 2.012675845368 13.173584869214
48 7.549834435271 2.021525633917 13.197021769478
49 7.615773105864 2.030221505273 13.208816265135
50 7.681145747869 2.038768721953 13.242635756517
51 7.810249675907 2.055436932087 13.274538392605
52 7.874007874012 2.063567192523 13.315542444199
53 8.000000000000 2.079441541680 13.318130798714
54 8.062257748299 2.087193634948 13.357546165397
55 8.124038404636 2.094827371013 13.395137882183
56 8.185352771872 2.102346309695 13.404074660115
57 8.246211251235 2.109753852588 13.422097530880
58 8.306623862918 2.117053252299 13.456945256997
59 8.366600265341 2.124247621025 13.473501823183
60 8.485281374239 2.138333059508 13.486053259033
61 8.544003745318 2.145229720574 13.502237135846
62 8.602325267043 2.152032546602 13.541355251574
63 8.660254037844 2.158744056768 13.558642163498
64 8.717797887081 2.165366670143 13.566030731486
65 8.774964387392 2.171902710927 13.595011008195
66 8.831760866328 2.178354413345 13.608729901314
67 8.944271909999 2.191013317337 13.615778310911
68 9.000000000000 2.197224577336 13.644677158862
69 9.055385138137 2.203359623632 13.658222628779
70 9.110433579144 2.209420303898 13.677656694049
71 9.165151389912 2.215408399422 13.690330481534
72 9.219544457293 2.221325628245 13.703033669775
73 9.273618495496 2.227173648127 13.733764567194
74 9.380831519647 2.238668407239 13.739616067860
75 9.433981132057 2.244318184866 13.774215534917
76 9.486832980505 2.249904835165 13.801701652377
77 9.539392014169 2.255429753258 13.812921208491
78 9.643650760993 2.266299746577 13.823508489075
79 9.695359714833 2.271647391135 13.844438093037
80 9.797958971133 2.282174095734 13.849546700582
81 9.848857801796 2.287355489252 13.859793436710
82 9.899494936612 2.292483739335 13.882310894268
83 9.949874371066 2.297559925067 13.896635141737
84 10.000000000000 2.302585092994 13.902621763304
85 10.049875621121 2.307560258421 13.935415784624
86 10.099504938362 2.312486406642 13.944689743460
87 10.198039027186 2.322195449571 13.958306155022
88 10.246950765960 2.326980175079 13.976116358597
89 10.295630140987 2.331719547056 13.989072191755
90 10.344080432789 2.336414417231 14.001669741639
91 10.392304845413 2.341065613562 14.007510131310
92 10.440306508911 2.345673941115 14.019918080963
93 10.488088481702 2.350240182896 14.044039581555
94 10.630145812735 2.363693909356 14.060010039379
95 10.677078252031 2.368099224197 14.075050838741
96 10.723805294764 2.372466064182 14.082496434006
97 10.770329614269 2.376795095553 14.093701229239
98 10.816653826392 2.381086967399 14.111995273224
99 10.862780491200 2.385342312233 14.122767290553
100 10.954451150103 2.393745871391 14.130042426807
101 11.000000000000 2.397895272798 14.141272789539
102 11.045361017187 2.402010522367 14.158483050642
103 11.090536506409 2.406092177686 14.165374157274
104 11.180339887499 2.414156868651 14.185479740610
105 11.224972160322 2.418140953476 14.205248642210
106 11.313708498985 2.426015131960 14.206772611863
107 11.357816691601 2.429906202181 14.225529282606
108 11.401754250991 2.433767225228 14.231845705877
109 11.445523142260 2.437598661601 14.247226738430
110 11.489125293076 2.441400961293 14.253214369315
111 11.532562594671 2.445174564111 14.259058552659
112 11.575836902790 2.448919899975 14.279366579332
113 11.661903789691 2.456327442868 14.284935269670
114 11.704699910720 2.459990462914 14.296247627195
115 11.747340124471 2.463626842579 14.307335608703
116 11.789826122552 2.467236966565 14.315360569456
117 11.832159566199 2.470821211305 14.320790834675
118 11.874342087038 2.474379945189 14.331740352857
119 11.916375287813 2.477913528801 14.336902164615
120 12.000000000000 2.484906649788 14.340152692635
121 12.041594578792 2.488366871210 14.350710694952
122 12.083045973595 2.491803310854 14.371252566782
123 12.124355652982 2.495216293389 14.377214450006
124 12.165525060596 2.498606136882 14.379993339989
125 12.206555615734 2.501973152973 14.397137177575
126 12.247448713916 2.505317647048 14.409192036485
127 12.328828005938 2.511940260423 14.416539160137
128 12.369316876853 2.515218960696 14.430502664815
129 12.409673645991 2.518476301207 14.439857348512
130 12.449899597989 2.521712558460 14.448692211957
131 12.529964086142 2.528122902674 14.455776868816
132 12.569805089977 2.531297516513 14.464556414543
133 12.649110640674 2.537586907617 14.466965573849
134 12.688577540450 2.540702182492 14.484312790492
135 12.727922061358 2.543798167616 14.493792800750
136 12.767145334804 2.546875100403 14.495804488275
137 12.806248474866 2.549933213912 14.504174704728
138 12.845232578665 2.552972736950 14.512158603340
139 12.884098726725 2.555993894178 14.521912504702
140 12.961481396816 2.561981989702 14.525844201547
141 13.000000000000 2.564949357462 14.532740409040
142 13.038404810405 2.567899218525 14.544844044826
143 13.076696830622 2.570831778251 14.554813005828
144 13.114877048604 2.573747238407 14.556656160777
145 13.152946437966 2.576645797249 14.570295494006
146 13.190905958273 2.579527649607 14.581775291804
147 13.266499161422 2.585241997519 14.583732742951
148 13.304134695650 2.588074866287 14.587480933664
149 13.341664064126 2.590891775146 14.595045504442
150 13.379088160260 2.593692902920 14.604310586884
151 13.416407864999 2.596478425445 14.609616480575
152 13.453624047074 2.599248515633 14.618178289225
153 13.490737563232 2.602003343538 14.628868934922
154 13.564659966251 2.607467878804 14.632413126350
155 13.601470508735 2.610177912539 14.645907833197
156 13.638181696986 2.612873336857 14.656204086253
157 13.674794331177 2.615554308427 14.659542806326
158 13.747727084868 2.620873507530 14.672682084314
159 13.784048752090 2.623512036080 14.675742976548
160 13.856406460551 2.628747686014 14.676213312805
161 13.892443989450 2.631345094452 14.679452280485
162 13.928388277184 2.633929079532 14.695289161156
163 13.964240043769 2.636499779282 14.701585351730
164 14.000000000000 2.639057329615 14.705206769768
165 14.035668847618 2.641601864369 14.713172037868
166 14.071247279470 2.644133515347 14.721008051839
167 14.142135623731 2.649158683274 14.726286109150
168 14.177446878758 2.651652454030 14.735730360919
169 14.212670403552 2.654133848701 14.740086076026
170 14.247806848775 2.656602989521 14.745965304899
171 14.282856857086 2.659059996922 14.749105897720
172 14.317821063276 2.661504989569 14.755220115897
173 14.352700094407 2.663938084395 14.769623333001
174 14.422205101856 2.668769039851 14.771008925983
175 14.456832294801 2.671167125982 14.785169909249
176 14.491376746189 2.673553765359 14.790612692295
177 14.525839046334 2.675929066738 14.794295973763
178 14.560219778561 2.678293137336 14.798525670244
179 14.594519519326 2.680646082855 14.804024458294
180 14.628738838328 2.682988007511 14.808322975213
181 14.696938456699 2.687639203842 14.813865583499
182 14.730919862656 2.689948676770 14.818770599277
183 14.764823060233 2.692247531395 14.825149546329
184 14.798648586949 2.694535864908 14.830373778884
185 14.866068747319 2.699081350759 14.840835768222
186 14.899664425751 2.701338690936 14.848570478392
187 14.966629547096 2.705823025928 14.850982103703
188 15.000000000000 2.708050201102 14.858825053704
189 15.033296378373 2.710267499636 14.863791194981
190 15.066519173319 2.712475008741 14.870083877638
191 15.099668870542 2.714672814477 14.872480376725
192 15.132745950422 2.716861001777 14.878605507516
193 15.165750888103 2.719039654462 14.890820783447
194 15.231546211728 2.723368685833 14.892094664626
195 15.264337522474 2.725519226783 14.899513311859
196 15.297058540778 2.727660557679 14.909806210014
197 15.329709716756 2.729792757072 14.912587668850
198 15.362291495737 2.731915902513 14.916085585866
199 15.394804318341 2.734030070568 14.922894265019
200 15.427248620542 2.736135336836 14.927604229706
201 15.524174696260 2.742398466745 14.934578202032
202 15.556349186104 2.744468863078 14.940940679017
203 15.588457268120 2.746530721670 14.945620867697
204 15.620499351813 2.748584112647 14.948646005071
205 15.652475842499 2.750629105272 14.956142843261
206 15.684387141358 2.752665767966 14.962545324166
207 15.748015748024 2.756714373082 14.966774118551
208 15.779733838059 2.758726448232 14.972812420981
209 15.811388300842 2.760730458931 14.979379235042
210 15.842979517755 2.762726469566 14.986409399103
211 15.905973720587 2.766694744364 14.988290483673
212 15.937377450509 2.768667133509 14.996617315512
213 16.000000000000 2.772588722240 14.996956118596
214 16.031219541881 2.774538042448 15.005134710991
215 16.062378404209 2.776479792461 15.009253010235
216 16.093476939431 2.778414030850 15.013352003870
217 16.124515496597 2.780340815508 15.017483564026
218 16.155494421404 2.782260203661 15.026863859294
219 16.186414056239 2.784172251881 15.029815996294
220 16.248076809272 2.787974551573 15.033836461964
221 16.278820596100 2.789864912993 15.038070545351
222 16.309506430300 2.791748154391 15.047654989257
223 16.340134638368 2.793624329200 15.049419763135
224 16.370705543745 2.795493490255 15.050376613564
225 16.401219466857 2.797355689801 15.060577127877
226 16.431676725155 2.799210979499 15.067664769776
227 16.492422502471 2.802901033148 15.069593226701
228 16.522711641858 2.804735897592 15.073495866274
229 16.552945357247 2.806564053194 15.078779855475
230 16.583123951777 2.808385548833 15.083358601005
231 16.613247725836 2.810200432859 15.087261816671
232 16.643316977093 2.812008753094 15.090050114577
233 16.673332000533 2.813810556845 15.096077113762
234 16.733200530682 2.817394801585 15.097623152873
235 16.763054614240 2.819177334667 15.106422786691
236 16.792855623747 2.820953535469 15.110000437134
237 16.822603841261 2.822723448822 15.112505289677
238 16.881943016134 2.826244590134 15.119150762879
239 16.911534525288 2.827995905410 15.124123878811
240 16.970562748477 2.831480240068 15.125502001337
241 17.000000000000 2.833213344056 15.128831456977
242 17.029386365926 2.834940461490 15.137605007279
243 17.058722109232 2.836661633586 15.140945488452
244 17.088007490635 2.838376901134 15.142621102559
245 17.117242768624 2.840086304509 15.150257381853
246 17.146428199482 2.841789883669 15.156098619911
247 17.204650534085 2.845179727162 15.160193550590
248 17.233687939614 2.846866069401 15.166774972390
249 17.262676501632 2.848546743253 15.169432026001
250 17.291616465791 2.850221786695 15.175877181541
251 17.320508075689 2.851891237328 15.177583432996
252 17.349351572897 2.853555132374 15.180668612833
253 17.378147196983 2.855213508687 15.185382303108
254 17.435595774163 2.858513850703 15.186085514078
255 17.464249196573 2.860155888304 15.192299384295
256 17.492855684536 2.861792550976 15.200155058813
257 17.521415467935 2.863423873794 15.202534153128
258 17.549928774784 2.865049891487 15.205445783088
259 17.578395831247 2.866670638449 15.210292299158
260 17.606816861659 2.868286148740 15.213203211037
261 17.663521732656 2.871501593905 15.214604158239
262 17.691806012954 2.873101595270 15.217299751730
263 17.720045146669 2.874696492954 15.226813091636
264 17.748239349299 2.876286319413 15.231221478200
265 17.804493814765 2.879450886939 15.234646192196
266 17.832554500127 2.881025691390 15.238908970612
267 17.888543819998 2.884160497897 15.239639816669
268 17.916472867169 2.885720561565 15.246581802710
269 17.944358444926 2.887275772772 15.249153568580
270 17.972200755611 2.888826161611 15.251997195073
271 18.000000000000 2.890371757896 15.254860734319
272 18.027756377320 2.891912591165 15.259745471418
273 18.055470085268 2.893448690683 15.267156703184
274 18.110770276275 2.896506804192 15.268760984356
275 18.138357147217 2.898028875383 15.276951815655
276 18.165902124585 2.899546327230 15.279644740646
277 18.193405398660 2.901059187689 15.281366741920
278 18.220867158289 2.902567484458 15.283488587337
279 18.248287590895 2.904071244990 15.286720810410
280 18.275666882497 2.905570496488 15.291025686905
281 18.330302779823 2.908555579982 15.292240510089
282 18.357559750686 2.910041465176 15.295156819073
283 18.384776310850 2.911522947742 15.299584774002
284 18.411952639522 2.913000053690 15.303257107170
285 18.439088914586 2.914472808805 15.304646665304
286 18.466185312619 2.915941238642 15.313117287275
287 18.493242008907 2.917405368531 15.318340287839
288 18.547236990991 2.920320828687 15.321356611966
289 18.574175621007 2.921772208516 15.323506932174
290 18.601075237738 2.923219387529 15.326155231781
291 18.627936010197 2.924662389973 15.328945370580
292 18.681541692269 2.927535961101 15.333059910172
293 18.708286933870 2.928966577242 15.338654363382
294 18.761663039294 2.931815587799 15.339167027639
295 18.788294228056 2.933234028467 15.343631250880
296 18.814887722227 2.934648456567 15.348001333166
297 18.841443681417 2.936058894738 15.349922723372
298 18.867962264113 2.937465365426 15.353073879315
299 18.894443627691 2.938867890890 15.355199170034
300 18.920887928425 2.940266493200 15.356900438125
301 18.973665961010 2.943052015725 15.359441373676
302 19.000000000000 2.944438979166 15.362377079857
303 19.026297590440 2.945822105913 15.367307916818
304 19.052558883258 2.947201417132 15.369861251329
305 19.078784028339 2.948576933818 15.371057489152
306 19.104973174543 2.949948676791 15.376291907304
307 19.131126469709 2.951316666701 15.379606902978
308 19.209372712299 2.955398322020 15.385664043215
309 19.235384061671 2.956751502819 15.388562870511
310 19.261360284258 2.958101031304 15.392678552401
311 19.287301521986 2.959446927137 15.393619193792
312 19.313207915828 2.960789209822 15.395967345269
313 19.339079605814 2.962127898707 15.402970719234
314 19.390719429665 2.964794571695 15.404906158380
315 19.416487838948 2.966122593724 15.408725994705
316 19.442222095224 2.967447097810 15.412605002275
317 19.467922333932 2.968768102541 15.414116819297
318 19.519221295943 2.971399687563 15.418604791749
319 19.544820285692 2.972710304303 15.420475682379
320 19.595917942265 2.975321276294 15.420904705390
321 19.621416870349 2.976621667144 15.422761681117
322 19.646882704388 2.977918684732 15.427494426699
323 19.672315572906 2.979212346515 15.429833718120
324 19.697715603592 2.980502669812 15.430764723160
325 19.723082923316 2.981789671809 15.435690171204
326 19.748417658131 2.983073369562 15.439157048766
327 19.798989873223 2.985630919895 15.441107211897
328 19.824227601599 2.986904805935 15.443691320643
329 19.849433241279 2.988175454649 15.445609160826
330 19.874606914352 2.989442882451 15.449032507600
331 19.899748742132 2.990707105627 15.450241488075
332 19.924858845171 2.991968140344 15.451680368086
333 19.949937343260 2.993226002642 15.455902415480
334 20.000000000000 2.995732273554 15.456432602468
