0 1.000000000000 0.000000000000 11.333308248150
1 1.414213562373 0.346573590280 12.181677488695
2 1.732050807569 0.549306144334 12.428159638884
3 2.000000000000 0.693147180560 12.554999147678
4 2.236067977500 0.804718956217 12.860213889871
5 2.449489742783 0.895879734614 13.025092276250
6 2.828427124746 1.039720770840 13.089608753962
7 3.000000000000 1.098612288668 13.212863827161
8 3.162277660168 1.151292546497 13.288177770891
9 3.316624790355 1.198947636399 13.349266253594
10 3.464101615138 1.242453324894 13.366038701888
11 3.605551275464 1.282474678731 13.416275502712
12 3.741657386774 1.319528664808 13.495360388708
13 4.000000000000 1.386294361120 13.505458806156
14 4.123105625618 1.416606672028 13.575215761332
15 4.242640687119 1.445185878948 13.617463196329
16 4.358898943541 1.472219489583 13.640448586500
17 4.472135955000 1.497866136777 13.664765572172
18 4.582575694956 1.522261218862 13.707038539933
19 4.690415759823 1.545521226679 13.723647430244
20 4.898979485566 1.589026915174 13.743491325950
21 5.000000000000 1.609437912434 13.766965063861
22 5.099019513593 1.629048269011 13.816240291644
23 5.196152422707 1.647918433002 13.835543550881
24 5.385164807135 1.683647914993 13.873587938314
25 5.477225575052 1.700598690831 13.897641545202
26 5.656854249492 1.732867951400 13.903112010825
27 5.744562646538 1.748253780733 13.925809658711
28 5.830951894845 1.763180262308 13.945763080966
29 5.916079783100 1.777674030745 13.965565432851
30 6.000000000000 1.791759469228 13.976385436751
31 6.082762530298 1.805458956322 13.987827232417
32 6.164414002969 1.818793079863 14.014347482186
33 6.324555320337 1.844439727057 14.023961093654
34 6.403124237433 1.856786033352 14.055392438562
35 6.480740698408 1.868834809142 14.068236212219
36 6.557438524302 1.880600057847 14.074126266907
37 6.633249580711 1.892094816959 14.081576424580
38 6.708203932499 1.903331244885 14.100178091255
39 6.782329983125 1.914320698245 14.113199642831
40 6.928203230276 1.935600505454 14.114992734532
41 7.000000000000 1.945910149055 14.130534413780
42 7.071067811865 1.956011502714 14.150781358865
43 7.141428428543 1.965912816362 14.162815338720
44 7.211102550928 1.975621859291 14.168128884947
45 7.280109889281 1.985145956776 14.184550242455
46 7.348469228350 1.994492023282 14.203653160730
47 7.483314773548 2.012675845368 14.212362680574
48 7.549834435271 2.021525633917 14.221122321985
49 7.615773105864 2.030221505273 14.226132347507
50 7.681145747869 2.038768721953 14.239750968465
51 7.810249675907 2.055436932087 14.251321213765
52 7.874007874012 2.063567192523 14.267349580126
53 8.000000000000 2.079441541680 14.268786303043
54 8.062257748299 2.087193634948 14.285799146605
55 8.124038404636 2.094827371013 14.301110061850
56 8.185352771872 2.102346309695 14.304515022569
57 8.246211251235 2.109753852588 14.311787866329
58 8.306623862918 2.117053252299 14.326323181646
59 8.366600265341 2.124247621025 14.331741546389
60 8.485281374239 2.138333059508 14.337274934824
61 8.544003745318 2.145229720574 14.344240537861
62 8.602325267043 2.152032546602 14.360077680598
63 8.660254037844 2.158744056768 14.366257995209
64 8.717797887081 2.165366670143 14.368778814307
65 8.774964387392 2.171902710927 14.379847753919
66 8.831760866328 2.178354413345 14.384759228918
67 8.944271909999 2.191013317337 14.388004776065
68 9.000000000000 2.197224577336 14.400171230930
69 9.055385138137 2.203359623632 14.406977110434
70 9.110433579144 2.209420303898 14.415265867588
71 9.165151389912 2.215408399422 14.420721206438
72 9.219544457293 2.221325628245 14.426313634669
73 9.273618495496 2.227173648127 14.438746409670
74 9.380831519647 2.238668407239 14.440753024779
75 9.433981132057 2.244318184866 14.454870811301
76 9.486832980505 2.249904835165 14.465093967935
77 9.539392014169 2.255429753258 14.470061910090
78 9.643650760993 2.266299746577 14.474222078721
79 9.695359714833 2.271647391135 14.482812098954
80 9.797958971133 2.282174095734 14.484747657176
81 9.848857801796 2.287355489252 14.488992641770
82 9.899494936612 2.292483739335 14.498864945261
83 9.949874371066 2.297559925067 14.504468475804
84 10.000000000000 2.302585092994 14.507175640760
85 10.049875621121 2.307560258421 14.521082233829
86 10.099504938362 2.312486406642 14.525299493169
87 10.198039027186 2.322195449571 14.531302401839
88 10.246950765960 2.326980175079 14.539286841576
89 10.295630140987 2.331719547056 14.544670909162
90 10.344080432789 2.336414417231 14.549667715375
91 10.392304845413 2.341065613562 14.552288424974
92 10.440306508911 2.345673941115 14.557406473264
93 10.488088481702 2.350240182896 14.567156337248
94 10.630145812735 2.363693909356 14.574411302448
95 10.677078252031 2.368099224197 14.579976968606
96 10.723805294764 2.372466064182 14.582997755182
97 10.770329614269 2.376795095553 14.587464297866
98 10.816653826392 2.381086967399 14.595278455883
99 10.862780491200 2.385342312233 14.599766376929
100 10.954451150103 2.393745871391 14.603447783082
101 11.000000000000 2.397895272798 14.607980765169
102 11.045361017187 2.402010522367 14.615325000018
103 11.090536506409 2.406092177686 14.618606611552
104 11.180339887499 2.414156868651 14.627733715749
105 11.224972160322 2.418140953476 14.636656856297
106 11.313708498985 2.426015131960 14.637274323243
107 11.357816691601 2.429906202181 14.645376795145
108 11.401754250991 2.433767225228 14.648248361877
109 11.445523142260 2.437598661601 14.654941843541
110 11.489125293076 2.441400961293 14.657241523333
111 11.532562594671 2.445174564111 14.659409075699
112 11.575836902790 2.448919899975 14.668011288490
113 11.661903789691 2.456327442868 14.670139054888
114 11.704699910720 2.459990462914 14.675107756160
115 11.747340124471 2.463626842579 14.679876638292
116 11.789826122552 2.467236966565 14.683282248912
117 11.832159566199 2.470821211305 14.685568014042
118 11.874342087038 2.474379945189 14.690557122883
119 11.916375287813 2.477913528801 14.692360840545
120 12.000000000000 2.484906649788 14.693814023677
121 12.041594578792 2.488366871210 14.699261569071
122 12.083045973595 2.491803310854 14.708986602841
123 12.124355652982 2.495216293389 14.711756529230
124 12.165525060596 2.498606136882 14.713339515197
125 12.206555615734 2.501973152973 14.720694234237
126 12.247448713916 2.505317647048 14.725736938776
127 12.328828005938 2.511940260423 14.729022632945
128 12.369316876853 2.515218960696 14.734782042977
129 12.409673645991 2.518476301207 14.738982244954
130 12.449899597989 2.521712558460 14.742424661476
131 12.529964086142 2.528122902674 14.746097411573
132 12.569805089977 2.531297516513 14.749856508953
133 12.649110640674 2.537586907617 14.751142634289
134 12.688577540450 2.540702182492 14.758956039612
135 12.727922061358 2.543798167616 14.762958425714
136 12.767145334804 2.546875100403 14.763784723101
137 12.806248474866 2.549933213912 14.767693006488
138 12.845232578665 2.552972736950 14.770862759544
139 12.884098726725 2.555993894178 14.774574531437
140 12.961481396816 2.561981989702 14.776154960642
141 13.000000000000 2.564949357462 14.780149451577
142 13.038404810405 2.567899218525 14.786144388840
143 13.076696830622 2.570831778251 14.790729226039
144 13.114877048604 2.573747238407 14.791407793548
145 13.152946437966 2.576645797249 14.797669925981
146 13.190905958273 2.579527649607 14.802783008923
147 13.266499161422 2.585241997519 14.803729688446
148 13.304134695650 2.588074866287 14.805519671826
149 13.341664064126 2.590891775146 14.809233701344
150 13.379088160260 2.593692902920 14.813550479105
151 13.416407864999 2.596478425445 14.815757069910
152 13.453624047074 2.599248515633 14.819343192741
153 13.490737563232 2.602003343538 14.824200691982
154 13.564659966251 2.607467878804 14.825942786999
155 13.601470508735 2.610177912539 14.831745081500
156 13.638181696986 2.612873336857 14.836288864594
157 13.674794331177 2.615554308427 14.837755349314
158 13.747727084868 2.620873507530 14.843661754980
159 13.784048752090 2.623512036080 14.844787416479
160 13.856406460551 2.628747686014 14.844954602626
161 13.892443989450 2.631345094452 14.846413793555
162 13.928388277184 2.633929079532 14.854002285256
163 13.964240043769 2.636499779282 14.856966079850
164 14.000000000000 2.639057329615 14.858653828489
165 14.035668847618 2.641601864369 14.862423153887
166 14.071247279470 2.644133515347 14.866265047675
167 14.142135623731 2.649158683274 14.868668612057
168 14.177446878758 2.651652454030 14.873319601936
169 14.212670403552 2.654133848701 14.875266973584
170 14.247806848775 2.656602989521 14.878102845730
171 14.282856857086 2.659059996922 14.879633536053
172 14.317821063276 2.661504989569 14.882594683138
173 14.352700094407 2.663938084395 14.888985193359
174 14.422205101856 2.668769039851 14.889601644350
175 14.456832294801 2.671167125982 14.896127225716
176 14.491376746189 2.673553765359 14.898403949548
177 14.525839046334 2.675929066738 14.899779470470
178 14.560219778561 2.678293137336 14.901740500827
179 14.594519519326 2.680646082855 14.904290332172
180 14.628738838328 2.682988007511 14.906426975906
181 14.696938456699 2.687639203842 14.909168929556
182 14.730919862656 2.689948676770 14.911162803357
183 14.764823060233 2.692247531395 14.913840140008
184 14.798648586949 2.694535864908 14.916210000344
185 14.866068747319 2.699081350759 14.921348015457
186 14.899664425751 2.701338690936 14.925091470730
187 14.966629547096 2.705823025928 14.926104117031
188 15.000000000000 2.708050201102 14.929876766085
189 15.033296378373 2.710267499636 14.932380817509
190 15.066519173319 2.712475008741 14.935436749677
191 15.099668870542 2.714672814477 14.936558931438
192 15.132745950422 2.716861001777 14.939426004509
193 15.165750888103 2.719039654462 14.945176647312
194 15.231546211728 2.723368685833 14.945855013560
195 15.264337522474 2.725519226783 14.949509617047
196 15.297058540778 2.727660557679 14.953949786250
197 15.329709716756 2.729792757072 14.955476539776
198 15.362291495737 2.731915902513 14.957061000507
199 15.394804318341 2.734030070568 14.960079157961
200 15.427248620542 2.736135336836 14.962289324286
201 15.524174696260 2.742398466745 14.965655279091
202 15.556349186104 2.744468863078 14.968768216532
203 15.588457268120 2.746530721670 14.970971564373
204 15.620499351813 2.748584112647 14.972254009421
205 15.652475842499 2.750629105272 14.975840831294
206 15.684387141358 2.752665767966 14.978607303809
207 15.748015748024 2.756714373082 14.980573912689
208 15.779733838059 2.758726448232 14.983194826101
209 15.811388300842 2.760730458931 14.986419942043
210 15.842979517755 2.762726469566 14.989555869091
211 15.905973720587 2.766694744364 14.990337312855
212 15.937377450509 2.768667133509 14.994353844271
213 16.000000000000 2.772588722240 14.994600844169
214 16.031219541881 2.774538042448 14.998612881041
215 16.062378404209 2.776479792461 15.000669282220
216 16.093476939431 2.778414030850 15.002791932197
217 16.124515496597 2.780340815508 15.004827284758
218 16.155494421404 2.782260203661 15.009426056715
219 16.186414056239 2.784172251881 15.010833560383
220 16.248076809272 2.787974551573 15.012781957955
221 16.278820596100 2.789864912993 15.015008364406
222 16.309506430300 2.791748154391 15.019572658303
223 16.340134638368 2.793624329200 15.020247370362
224 16.370705543745 2.795493490255 15.020683741547
225 16.401219466857 2.797355689801 15.025363937764
226 16.431676725155 2.799210979499 15.028442409905
227 16.492422502471 2.802901033148 15.029364284794
228 16.522711641858 2.804735897592 15.031401458792
229 16.552945357247 2.806564053194 15.033771696131
230 16.583123951777 2.808385548833 15.035936562985
231 16.613247725836 2.810200432859 15.037934783000
232 16.643316977093 2.812008753094 15.039280989574
233 16.673332000533 2.813810556845 15.041965044770
234 16.733200530682 2.817394801585 15.042587005821
235 16.763054614240 2.819177334667 15.046816388358
236 16.792855623747 2.820953535469 15.048576522157
237 16.822603841261 2.822723448822 15.049712328271
238 16.881943016134 2.826244590134 15.052794339611
239 16.911534525288 2.827995905410 15.054992001908
240 16.970562748477 2.831480240068 15.055760998839
241 17.000000000000 2.833213344056 15.057344305221
242 17.029386365926 2.834940461490 15.062016563860
243 17.058722109232 2.836661633586 15.063716874959
244 17.088007490635 2.838376901134 15.064555480227
245 17.117242768624 2.840086304509 15.068317239790
246 17.146428199482 2.841789883669 15.071111495613
247 17.204650534085 2.845179727162 15.073128578740
248 17.233687939614 2.846866069401 15.076350533723
249 17.262676501632 2.848546743253 15.077654529789
250 17.291616465791 2.850221786695 15.080623239575
251 17.320508075689 2.851891237328 15.081355864004
252 17.349351572897 2.853555132374 15.082798948448
253 17.378147196983 2.855213508687 15.084969371919
254 17.435595774163 2.858513850703 15.085256215077
255 17.464249196573 2.860155888304 15.088245047056
256 17.492855684536 2.861792550976 15.092025208709
257 17.521415467935 2.863423873794 15.093251533861
258 17.549928774784 2.865049891487 15.094568200013
259 17.578395831247 2.866670638449 15.096975373548
260 17.606816861659 2.868286148740 15.098322361182
261 17.663521732656 2.871501593905 15.098945716976
262 17.691806012954 2.873101595270 15.100130656395
263 17.720045146669 2.874696492954 15.104738247551
264 17.748239349299 2.876286319413 15.106864096059
265 17.804493814765 2.879450886939 15.108520361322
266 17.832554500127 2.881025691390 15.110595743654
267 17.888543819998 2.884160497897 15.110990045235
268 17.916472867169 2.885720561565 15.114453211461
269 17.944358444926 2.887275772772 15.115601670017
270 17.972200755611 2.888826161611 15.117114845783
271 18.000000000000 2.890371757896 15.118542053095
272 18.027756377320 2.891912591165 15.121034571745
273 18.055470085268 2.893448690683 15.124682754968
274 18.110770276275 2.896506804192 15.125648234367
275 18.138357147217 2.898028875383 15.129825449292
276 18.165902124585 2.899546327230 15.131317806775
277 18.193405398660 2.901059187689 15.132067574117
278 18.220867158289 2.902567484458 15.133087545359
279 18.248287590895 2.904071244990 15.134528520044
280 18.275666882497 2.905570496488 15.136938344143
281 18.330302779823 2.908555579982 15.137609539067
282 18.357559750686 2.910041465176 15.139189347893
283 18.384776310850 2.911522947742 15.141471145592
284 18.411952639522 2.913000053690 15.143390010303
285 18.439088914586 2.914472808805 15.144147733820
286 18.466185312619 2.915941238642 15.148643301520
287 18.493242008907 2.917405368531 15.151138270418
288 18.547236990991 2.920320828687 15.152725750657
289 18.574175621007 2.921772208516 15.153746911822
290 18.601075237738 2.923219387529 15.154957516531
291 18.627936010197 2.924662389973 15.156445301356
292 18.681541692269 2.927535961101 15.158726213439
293 18.708286933870 2.928966577242 15.161687103655
294 18.761663039294 2.931815587799 15.161872632823
295 18.788294228056 2.933234028467 15.164395843923
296 18.814887722227 2.934648456567 15.166619612713
297 18.841443681417 2.936058894738 15.167570294705
298 18.867962264113 2.937465365426 15.169257450224
299 18.894443627691 2.938867890890 15.170465943273
300 18.920887928425 2.940266493200 15.171523530840
301 18.973665961010 2.943052015725 15.172928993629
302 19.000000000000 2.944438979166 15.174720166357
303 19.026297590440 2.945822105913 15.177350840542
304 19.052558883258 2.947201417132 15.178809028746
305 19.078784028339 2.948576933818 15.179607877465
306 19.104973174543 2.949948676791 15.182466633964
307 19.131126469709 2.951316666701 15.184290431997
308 19.209372712299 2.955398322020 15.187725264296
309 19.235384061671 2.956751502819 15.189376252192
310 19.261360284258 2.958101031304 15.191631090757
311 19.287301521986 2.959446927137 15.192120172960
312 19.313207915828 2.960789209822 15.193411038833
313 19.339079605814 2.962127898707 15.197411281177
314 19.390719429665 2.964794571695 15.198479395656
315 19.416487838948 2.966122593724 15.200459764770
316 19.442222095224 2.967447097810 15.202683283209
317 19.467922333932 2.968768102541 15.203571857129
318 19.519221295943 2.971399687563 15.206058360364
319 19.544820285692 2.972710304303 15.207086447228
320 19.595917942265 2.975321276294 15.207312474618
321 19.621416870349 2.976621667144 15.208430918585
322 19.646882704388 2.977918684732 15.211239770566
323 19.672315572906 2.979212346515 15.212624179240
324 19.697715603592 2.980502669812 15.213095934976
325 19.723082923316 2.981789671809 15.215813587891
326 19.748417658131 2.983073369562 15.217737075566
327 19.798989873223 2.985630919895 15.218857936332
328 19.824227601599 2.986904805935 15.220404371876
329 19.849433241279 2.988175454649 15.221327605240
330 19.874606914352 2.989442882451 15.223364090987
331 19.899748742132 2.990707105627 15.223996602078
332 19.924858845171 2.991968140344 15.224939977854
333 19.949937343260 2.993226002642 15.227428317871
334 20.000000000000 2.995732273554 15.227784751632
