0 1.000000000000 0.000000000000 11.377758449730
1 1.414213562373 0.346573590280 12.034382375805
2 1.732050807569 0.549306144334 12.246451341808
3 2.000000000000 0.693147180560 12.362550615117
4 2.236067977500 0.804718956217 12.660312044666
5 2.449489742783 0.895879734614 12.826218933206
6 2.828427124746 1.039720770840 12.895568166891
7 3.000000000000 1.098612288668 13.022233601985
8 3.162277660168 1.151292546497 13.104093494855
9 3.316624790355 1.198947636399 13.169266047091
10 3.464101615138 1.242453324894 13.185563503290
11 3.605551275464 1.282474678731 13.237798770615
12 3.741657386774 1.319528664808 13.311801219933
13 4.000000000000 1.386294361120 13.325749836386
14 4.123105625618 1.416606672028 13.400484388228
15 4.242640687119 1.445185878948 13.446978452039
16 4.358898943541 1.472219489583 13.466175752037
17 4.472135955000 1.497866136777 13.492220651378
18 4.582575694956 1.522261218862 13.534141847569
19 4.690415759823 1.545521226679 13.546160751311
20 4.898979485566 1.589026915174 13.564052405070
21 5.000000000000 1.609437912434 13.589015145434
22 5.099019513593 1.629048269011 13.640997634285
23 5.196152422707 1.647918433002 13.664937636985
24 5.385164807135 1.683647914993 13.699803366252
25 5.477225575052 1.700598690831 13.725950116687
26 5.656854249492 1.732867951400 13.730194470432
27 5.744562646538 1.748253780733 13.749510702932
28 5.830951894845 1.763180262308 13.765462803359
29 5.916079783100 1.777674030745 13.782625730628
30 6.000000000000 1.791759469228 13.793251656495
31 6.082762530298 1.805458956322 13.812865061723
32 6.164414002969 1.818793079863 13.841034044795
33 6.324555320337 1.844439727057 13.854046421277
34 6.403124237433 1.856786033352 13.884185512254
35 6.480740698408 1.868834809142 13.892581778216
36 6.557438524302 1.880600057847 13.896530941403
37 6.633249580711 1.892094816959 13.904305926028
38 6.708203932499 1.903331244885 13.918684284340
39 6.782329983125 1.914320698245 13.930700010969
40 6.928203230276 1.935600505454 13.931879260590
41 7.000000000000 1.945910149055 13.947785411474
42 7.071067811865 1.956011502714 13.970597941804
43 7.141428428543 1.965912816362 13.986025186494
44 7.211102550928 1.975621859291 13.990040169581
45 7.280109889281 1.985145956776 14.006778641639
46 7.348469228350 1.994492023282 14.026583147476
47 7.483314773548 2.012675845368 14.032222269270
48 7.549834435271 2.021525633917 14.040197717302
49 7.615773105864 2.030221505273 14.045676593813
50 7.681145747869 2.038768721953 14.057592834107
51 7.810249675907 2.055436932087 14.065314735279
52 7.874007874012 2.063567192523 14.077680957487
53 8.000000000000 2.079441541680 14.081085815517
54 8.062257748299 2.087193634948 14.101290071698
55 8.124038404636 2.094827371013 14.118213992719
56 8.185352771872 2.102346309695 14.120756724654
57 8.246211251235 2.109753852588 14.129979633604
58 8.306623862918 2.117053252299 14.145858364204
59 8.366600265341 2.124247621025 14.148966106096
60 8.485281374239 2.138333059508 14.154867914336
61 8.544003745318 2.145229720574 14.161372147752
62 8.602325267043 2.152032546602 14.174579833203
63 8.660254037844 2.158744056768 14.178404921157
64 8.717797887081 2.165366670143 14.179857099801
65 8.774964387392 2.171902710927 14.188683852556
66 8.831760866328 2.178354413345 14.191614137704
67 8.944271909999 2.191013317337 14.194876698361
68 9.000000000000 2.197224577336 14.206136779009
69 9.055385138137 2.203359623632 14.217775885564
70 9.110433579144 2.209420303898 14.228259077519
71 9.165151389912 2.215408399422 14.232109454779
72 9.219544457293 2.221325628245 14.239889009184
73 9.273618495496 2.227173648127 14.253397033927
74 9.380831519647 2.238668407239 14.254573549423
75 9.433981132057 2.244318184866 14.265718284891
76 9.486832980505 2.249904835165 14.273666783051
77 9.539392014169 2.255429753258 14.279489198362
78 9.643650760993 2.266299746577 14.282078918425
79 9.695359714833 2.271647391135 14.289239116041
80 9.797958971133 2.282174095734 14.290501728721
81 9.848857801796 2.287355489252 14.294249051961
82 9.899494936612 2.292483739335 14.302157417097
83 9.949874371066 2.297559925067 14.306271015974
84 10.000000000000 2.302585092994 14.309713385409
85 10.049875621121 2.307560258421 14.324883927720
86 10.099504938362 2.312486406642 14.332089400185
87 10.198039027186 2.322195449571 14.339444688608
88 10.246950765960 2.326980175079 14.349772200259
89 10.295630140987 2.331719547056 14.353474192141
90 10.344080432789 2.336414417231 14.356667307013
91 10.392304845413 2.341065613562 14.360120026479
92 10.440306508911 2.345673941115 14.364899948372
93 10.488088481702 2.350240182896 14.373297245544
94 10.630145812735 2.363693909356 14.379902919885
95 10.677078252031 2.368099224197 14.383261168328
96 10.723805294764 2.372466064182 14.385175116038
97 10.770329614269 2.376795095553 14.388818465260
98 10.816653826392 2.381086967399 14.395217446989
99 10.862780491200 2.385342312233 14.398535905765
100 10.954451150103 2.393745871391 14.401905699591
101 11.000000000000 2.397895272798 14.406170867769
102 11.045361017187 2.402010522367 14.415817406134
103 11.090536506409 2.406092177686 14.422037194240
104 11.180339887499 2.414156868651 14.431545025887
105 11.224972160322 2.418140953476 14.441918397358
106 11.313708498985 2.426015131960 14.442406284488
107 11.357816691601 2.429906202181 14.449193255986
108 11.401754250991 2.433767225228 14.452526444075
109 11.445523142260 2.437598661601 14.458946350158
110 11.489125293076 2.441400961293 14.460373596304
111 11.532562594671 2.445174564111 14.461656797740
112 11.575836902790 2.448919899975 14.468650516154
113 11.661903789691 2.456327442868 14.470050996852
114 11.704699910720 2.459990462914 14.474067328951
115 11.747340124471 2.463626842579 14.478326873319
116 11.789826122552 2.467236966565 14.480972515037
117 11.832159566199 2.470821211305 14.482371769716
118 11.874342087038 2.474379945189 14.486495970643
119 11.916375287813 2.477913528801 14.487488237482
120 12.000000000000 2.484906649788 14.489730238193
121 12.041594578792 2.488366871210 14.497996104755
122 12.083045973595 2.491803310854 14.508638738344
123 12.124355652982 2.495216293389 14.510790961585
124 12.165525060596 2.498606136882 14.514571219380
125 12.206555615734 2.501973152973 14.523295087927
126 12.247448713916 2.505317647048 14.526554138358
127 12.328828005938 2.511940260423 14.530120751323
128 12.369316876853 2.515218960696 14.535014331784
129 12.409673645991 2.518476301207 14.539757101066
130 12.449899597989 2.521712558460 14.541838613908
131 12.529964086142 2.528122902674 14.545823938764
132 12.569805089977 2.531297516513 14.548200515194
133 12.649110640674 2.537586907617 14.549857741590
134 12.688577540450 2.540702182492 14.556036430845
135 12.727922061358 2.543798167616 14.559085608540
136 12.767145334804 2.546875100403 14.559670668613
137 12.806248474866 2.549933213912 14.563087683476
138 12.845232578665 2.552972736950 14.565084384687
139 12.884098726725 2.555993894178 14.567311478251
140 12.961481396816 2.561981989702 14.568280446828
141 13.000000000000 2.564949357462 14.573353122358
142 13.038404810405 2.567899218525 14.581682803117
143 13.076696830622 2.570831778251 14.587669915383
144 13.114877048604 2.573747238407 14.588077790850
145 13.152946437966 2.576645797249 14.594787268468
146 13.190905958273 2.579527649607 14.601580980950
147 13.266499161422 2.585241997519 14.602246892759
148 13.304134695650 2.588074866287 14.604747614287
149 13.341664064126 2.590891775146 14.608456918583
150 13.379088160260 2.593692902920 14.613102434948
151 13.416407864999 2.596478425445 14.614611078427
152 13.453624047074 2.599248515633 14.617007531836
153 13.490737563232 2.602003343538 14.621542128718
154 13.564659966251 2.607467878804 14.622654950318
155 13.601470508735 2.610177912539 14.627128093478
156 13.638181696986 2.612873336857 14.631189038864
157 13.674794331177 2.615554308427 14.632591596806
158 13.747727084868 2.620873507530 14.637136261879
159 13.784048752090 2.623512036080 14.637826378167
160 13.856406460551 2.628747686014 14.637932710429
161 13.892443989450 2.631345094452 14.638967321690
162 13.928388277184 2.633929079532 14.645071473207
163 13.964240043769 2.636499779282 14.647665918631
164 14.000000000000 2.639057329615 14.649648490821
165 14.035668847618 2.641601864369 14.655477757450
166 14.071247279470 2.644133515347 14.661039712255
167 14.142135623731 2.649158683274 14.664836788389
168 14.177446878758 2.651652454030 14.671398843339
169 14.212670403552 2.654133848701 14.672682508675
170 14.247806848775 2.656602989521 14.674633934782
171 14.282856857086 2.659059996922 14.676879525773
172 14.317821063276 2.661504989569 14.680050627716
173 14.352700094407 2.663938084395 14.685886767046
174 14.422205101856 2.668769039851 14.686351938933
175 14.456832294801 2.671167125982 14.691847251868
176 14.491376746189 2.673553765359 14.693279980046
177 14.525839046334 2.675929066738 14.694155911194
178 14.560219778561 2.678293137336 14.696083330873
179 14.594519519326 2.680646082855 14.698778386521
180 14.628738838328 2.682988007511 14.700590459750
181 14.696938456699 2.687639203842 14.703182038081
182 14.730919862656 2.689948676770 14.704429270843
183 14.764823060233 2.692247531395 14.706232783765
184 14.798648586949 2.694535864908 14.707754878415
185 14.866068747319 2.699081350759 14.712284877579
186 14.899664425751 2.701338690936 14.715410898239
187 14.966629547096 2.705823025928 14.716084424438
188 15.000000000000 2.708050201102 14.720035544116
189 15.033296378373 2.710267499636 14.724675562035
190 15.066519173319 2.712475008741 14.729116087908
191 15.099668870542 2.714672814477 14.729969613343
192 15.132745950422 2.716861001777 14.733847195545
193 15.165750888103 2.719039654462 14.740692842562
194 15.231546211728 2.723368685833 14.741273090373
195 15.264337522474 2.725519226783 14.744976908903
196 15.297058540778 2.727660557679 14.748796843733
197 15.329709716756 2.729792757072 14.751427430974
198 15.362291495737 2.731915902513 14.752462372086
199 15.394804318341 2.734030070568 14.754396875937
200 15.427248620542 2.736135336836 14.757014352337
201 15.524174696260 2.742398466745 14.759897275112
202 15.556349186104 2.744468863078 14.762966567997
203 15.588457268120 2.746530721670 14.764820892712
204 15.620499351813 2.748584112647 14.765668080910
205 15.652475842499 2.750629105272 14.768848874226
206 15.684387141358 2.752665767966 14.770669633224
207 15.748015748024 2.756714373082 14.771916602718
208 15.779733838059 2.758726448232 14.773582184467
209 15.811388300842 2.760730458931 14.776845781059
210 15.842979517755 2.762726469566 14.779491039250
211 15.905973720587 2.766694744364 14.780016431571
212 15.937377450509 2.768667133509 14.783116263991
213 16.000000000000 2.772588722240 14.784062375765
214 16.031219541881 2.774538042448 14.789583286988
215 16.062378404209 2.776479792461 14.793195121619
216 16.093476939431 2.778414030850 14.794859090250
217 16.124515496597 2.780340815508 14.798091900171
218 16.155494421404 2.782260203661 14.803951518291
219 16.186414056239 2.784172251881 14.804990411407
220 16.248076809272 2.787974551573 14.807254899073
221 16.278820596100 2.789864912993 14.809827689205
222 16.309506430300 2.791748154391 14.814364756190
223 16.340134638368 2.793624329200 14.814816191549
224 16.370705543745 2.795493490255 14.815087470224
225 16.401219466857 2.797355689801 14.819334030894
226 16.431676725155 2.799210979499 14.821274833207
227 16.492422502471 2.802901033148 14.822460671427
228 16.522711641858 2.804735897592 14.824762531228
229 16.552945357247 2.806564053194 14.826751041060
230 16.583123951777 2.808385548833 14.828223941525
231 16.613247725836 2.810200432859 14.830235312633
232 16.643316977093 2.812008753094 14.831130654614
233 16.673332000533 2.813810556845 14.832884952786
234 16.733200530682 2.817394801585 14.833269921933
235 16.763054614240 2.819177334667 14.837070801356
236 16.792855623747 2.820953535469 14.838781293417
237 16.822603841261 2.822723448822 14.839501306728
238 16.881943016134 2.826244590134 14.842030892231
239 16.911534525288 2.827995905410 14.843387744056
240 16.970562748477 2.831480240068 14.844185243313
241 17.000000000000 2.833213344056 14.846022790753
242 17.029386365926 2.834940461490 14.852060546018
243 17.058722109232 2.836661633586 14.855247901572
244 17.088007490635 2.838376901134 14.856000321127
245 17.117242768624 2.840086304509 14.860316221034
246 17.146428199482 2.841789883669 14.864625832704
247 17.204650534085 2.845179727162 14.866096840420
248 17.233687939614 2.846866069401 14.869212297017
249 17.262676501632 2.848546743253 14.870908757222
250 17.291616465791 2.850221786695 14.874174428766
251 17.320508075689 2.851891237328 14.874646127379
252 17.349351572897 2.853555132374 14.875618996471
253 17.378147196983 2.855213508687 14.878097662334
254 17.435595774163 2.858513850703 14.878301522337
255 17.464249196573 2.860155888304 14.880913124553
256 17.492855684536 2.861792550976 14.884388805704
257 17.521415467935 2.863423873794 14.885557377539
258 17.549928774784 2.865049891487 14.886366512302
259 17.578395831247 2.866670638449 14.888603650850
260 17.606816861659 2.868286148740 14.889411008857
261 17.663521732656 2.871501593905 14.889856793053
262 17.691806012954 2.873101595270 14.890758684594
263 17.720045146669 2.874696492954 14.894751766206
264 17.748239349299 2.876286319413 14.896710460433
265 17.804493814765 2.879450886939 14.897856260168
266 17.832554500127 2.881025691390 14.899732466667
267 17.888543819998 2.884160497897 14.900059418580
268 17.916472867169 2.885720561565 14.902609825414
269 17.944358444926 2.887275772772 14.903388438471
270 17.972200755611 2.888826161611 14.904813986659
271 18.000000000000 2.890371757896 14.906371549465
272 18.027756377320 2.891912591165 14.910540102931
273 18.055470085268 2.893448690683 14.915088047343
274 18.110770276275 2.896506804192 14.917199774697
275 18.138357147217 2.898028875383 14.922337678980
276 18.165902124585 2.899546327230 14.923377556059
277 18.193405398660 2.901059187689 14.923868536086
278 18.220867158289 2.902567484458 14.925384528510
279 18.248287590895 2.904071244990 14.927142719045
280 18.275666882497 2.905570496488 14.930062794621
281 18.330302779823 2.908555579982 14.930495414990
282 18.357559750686 2.910041465176 14.932598777262
283 18.384776310850 2.911522947742 14.934267245583
284 18.411952639522 2.913000053690 14.935626966745
285 18.439088914586 2.914472808805 14.936716347058
286 18.466185312619 2.915941238642 14.940514178184
287 18.493242008907 2.917405368531 14.942484492439
288 18.547236990991 2.920320828687 14.944170849584
289 18.574175621007 2.921772208516 14.944795914581
290 18.601075237738 2.923219387529 14.945648322118
291 18.627936010197 2.924662389973 14.946688128119
292 18.681541692269 2.927535961101 14.949168832083
293 18.708286933870 2.928966577242 14.951654313299
294 18.761663039294 2.931815587799 14.951771170383
295 18.788294228056 2.933234028467 14.953977012958
296 18.814887722227 2.934648456567 14.955439438819
297 18.841443681417 2.936058894738 14.956085949840
298 18.867962264113 2.937465365426 14.957448903370
299 18.894443627691 2.938867890890 14.958261893646
300 18.920887928425 2.940266493200 14.959375332017
301 18.973665961010 2.943052015725 14.960562949983
302 19.000000000000 2.944438979166 14.962728231826
303 19.026297590440 2.945822105913 14.966491362762
304 19.052558883258 2.947201417132 14.969112484451
305 19.078784028339 2.948576933818 14.969860251317
306 19.104973174543 2.949948676791 14.973348215441
307 19.131126469709 2.951316666701 14.976645587449
308 19.209372712299 2.955398322020 14.979875318134
309 19.235384061671 2.956751502819 14.981789594762
310 19.261360284258 2.958101031304 14.984496187056
311 19.287301521986 2.959446927137 14.984831046103
312 19.313207915828 2.960789209822 14.985780032347
313 19.339079605814 2.962127898707 14.989405010106
314 19.390719429665 2.964794571695 14.990123859187
315 19.416487838948 2.966122593724 14.991973923668
316 19.442222095224 2.967447097810 14.994264626321
317 19.467922333932 2.968768102541 14.995174583526
318 19.519221295943 2.971399687563 14.997459814575
319 19.544820285692 2.972710304303 14.998136735640
320 19.595917942265 2.975321276294 14.998290879592
321 19.621416870349 2.976621667144 14.999065835982
322 19.646882704388 2.977918684732 15.001821709472
323 19.672315572906 2.979212346515 15.003233241364
324 19.697715603592 2.980502669812 15.003603339512
325 19.723082923316 2.981789671809 15.005419224324
326 19.748417658131 2.983073369562 15.007188691619
327 19.798989873223 2.985630919895 15.007986829683
328 19.824227601599 2.986904805935 15.009293925854
329 19.849433241279 2.988175454649 15.009977423680
330 19.874606914352 2.989442882451 15.011771199868
331 19.899748742132 2.990707105627 15.012207658431
332 19.924858845171 2.991968140344 15.013089364183
333 19.949937343260 2.993226002642 15.015128594036
334 20.000000000000 2.995732273554 15.015960464165
